1.000 -0.007 -0.008 -0.008 -0.007 -0.006 -0.008 -0.008 -0.007 -0.003 -0.007 -0.006 -0.008 -0.005 -0.005 -0.008 -0.008 -0.008 -0.004 -0.008
-0.007 1.000 -0.052 -0.052 -0.053 -0.054 -0.052 -0.052 -0.053 -0.059 -0.053 -0.054 -0.052 -0.055 -0.055 -0.052 -0.052 -0.052 -0.058 -0.053
-0.008 -0.052 1.003 0.024 0.025 0.024 0.024 0.023 0.025 -0.021 0.025 0.024 0.023 0.019 0.018 0.023 0.023 0.023 -0.012 0.025
-0.008 -0.052 0.024 1.003 -0.023 -0.025 -0.021 -0.022 -0.021 -0.044 -0.021 -0.025 -0.021 -0.029 -0.029 -0.022 -0.021 -0.021 -0.041 -0.022
-0.007 -0.053 0.025 -0.023 1.004 0.021 0.006 0.006 0.012 0.027 0.012 0.020 0.005 0.024 0.024 0.005 0.006 0.006 0.027 0.011
-0.006 -0.054 0.024 -0.025 0.021 1.005 -0.009 -0.009 -0.011 -0.017 -0.011 -0.013 -0.009 -0.014 -0.014 -0.008 -0.009 -0.009 -0.017 -0.011
-0.008 -0.052 0.024 -0.021 0.006 -0.009 1.004 -0.005 -0.007 -0.036 -0.007 -0.014 -0.005 -0.018 -0.019 -0.005 -0.005 -0.005 -0.032 -0.007
-0.008 -0.052 0.023 -0.022 0.006 -0.009 -0.005 1.004 -0.005 -0.045 -0.006 -0.013 0.001 -0.018 -0.019 0.002 0.001 0.001 -0.039 -0.004
-0.007 -0.053 0.025 -0.021 0.012 -0.011 -0.007 -0.005 1.004 0.036 0.047 0.043 0.053 0.041 0.040 0.053 0.053 0.053 0.037 0.049
-0.003 -0.059 -0.021 -0.044 0.027 -0.017 -0.036 -0.045 0.036 1.012 -0.000 0.008 -0.004 0.014 0.015 -0.005 -0.004 -0.004 0.033 -0.001
-0.007 -0.053 0.025 -0.021 0.012 -0.011 -0.007 -0.006 0.047 -0.000 1.006 0.046 0.066 0.035 0.033 0.067 0.067 0.066 -0.008 0.062
-0.006 -0.054 0.024 -0.025 0.020 -0.013 -0.014 -0.013 0.043 0.008 0.046 1.008 -0.032 -0.050 -0.050 -0.031 -0.033 -0.032 -0.048 -0.040
-0.008 -0.052 0.023 -0.021 0.005 -0.009 -0.005 0.001 0.053 -0.004 0.066 -0.032 1.012 0.096 0.095 0.100 0.098 0.098 0.073 0.093
-0.005 -0.055 0.019 -0.029 0.024 -0.014 -0.018 -0.018 0.041 0.014 0.035 -0.050 0.096 1.019 0.093 0.136 0.134 0.135 0.045 0.124
-0.005 -0.055 0.018 -0.029 0.024 -0.014 -0.019 -0.019 0.040 0.015 0.033 -0.050 0.095 0.093 1.024 0.125 0.122 0.122 -0.132 0.095
-0.008 -0.052 0.023 -0.022 0.005 -0.008 -0.005 0.002 0.053 -0.005 0.067 -0.031 0.100 0.136 0.125 1.043 0.060 0.060 0.028 0.057
-0.008 -0.052 0.023 -0.021 0.006 -0.009 -0.005 0.001 0.053 -0.004 0.067 -0.033 0.098 0.134 0.122 0.060 1.042 -0.128 -0.021 -0.120
-0.008 -0.052 0.023 -0.021 0.006 -0.009 -0.005 0.001 0.053 -0.004 0.066 -0.032 0.098 0.135 0.122 0.060 -0.128 1.072 0.047 0.079
-0.004 -0.058 -0.012 -0.041 0.027 -0.017 -0.032 -0.039 0.037 0.033 -0.008 -0.048 0.073 0.045 -0.132 0.028 -0.021 0.047 1.045 0.122
-0.008 -0.053 0.025 -0.022 0.011 -0.011 -0.007 -0.004 0.049 -0.001 0.062 -0.040 0.093 0.124 0.095 0.057 -0.120 0.079 0.122 1.072
