1.000 0.007 0.008 0.009 0.012 0.009 0.017 0.018 0.018 0.009
0.007 1.000 0.032 0.029 0.048 0.045 0.015 0.015 0.015 0.028
0.008 0.032 1.001 -0.005 0.009 0.006 -0.013 -0.014 -0.014 -0.005
0.009 0.029 -0.005 1.001 -0.223 -0.213 -0.149 -0.150 -0.150 -0.169
0.012 0.048 0.009 -0.223 1.053 0.224 0.163 0.161 0.161 0.186
0.009 0.045 0.006 -0.213 0.224 1.078 0.096 0.096 0.096 0.106
0.017 0.015 -0.013 -0.149 0.163 0.096 1.041 0.050 0.050 0.059
0.018 0.015 -0.014 -0.150 0.161 0.096 0.050 1.041 0.089 0.091
0.018 0.015 -0.014 -0.150 0.161 0.096 0.050 0.089 1.043 -0.163
0.009 0.028 -0.005 -0.169 0.186 0.106 0.059 0.091 -0.163 1.100
