1.000 -0.656 -0.680 -0.781 -0.680 -0.629 -0.638 -0.662 -0.661 -0.732 -0.654 -0.681 -0.699 -0.552 -0.722 -0.636 -0.709 -0.711 -0.597 -0.653 -0.700 -0.778 -0.682 -0.625 -0.647 -0.572 -0.699 -0.601 -0.671 -0.567
-0.656 1.431 0.434 0.440 0.446 0.411 0.418 0.434 0.433 0.480 0.428 0.447 0.458 0.357 0.475 0.416 0.466 0.467 0.390 0.424 0.460 0.485 0.448 0.403 0.424 0.372 0.459 0.393 0.440 0.336
-0.680 0.434 1.462 0.674 0.471 0.445 0.442 0.458 0.458 0.508 0.452 0.471 0.489 0.399 0.499 0.448 0.491 0.491 0.422 0.471 0.484 0.595 0.472 0.458 0.448 0.411 0.483 0.423 0.470 0.470
-0.781 0.440 0.674 1.635 0.497 0.459 0.465 0.484 0.483 0.535 0.477 0.498 0.511 0.403 0.529 0.465 0.519 0.521 0.436 0.478 0.513 0.577 0.500 0.460 0.472 0.418 0.512 0.438 0.491 0.435
-0.680 0.446 0.471 0.497 1.464 0.423 0.432 0.449 0.448 0.494 0.443 0.462 0.471 0.369 0.489 0.427 0.480 0.482 0.402 0.437 0.475 0.514 0.462 0.416 0.438 0.383 0.474 0.404 0.452 0.375
-0.629 0.411 0.445 0.459 0.423 1.398 0.406 0.421 0.420 0.464 0.415 0.432 0.444 0.355 0.458 0.406 0.450 0.451 0.383 0.417 0.444 0.490 0.434 0.399 0.411 0.367 0.444 0.385 0.428 0.360
-0.638 0.418 0.442 0.465 0.432 0.406 1.408 0.418 0.417 0.460 0.413 0.430 0.440 0.347 0.456 0.399 0.447 0.449 0.375 0.410 0.442 0.492 0.431 0.393 0.409 0.359 0.442 0.377 0.421 0.367
-0.662 0.434 0.458 0.484 0.449 0.421 0.418 1.440 0.436 0.482 0.431 0.449 0.461 0.365 0.476 0.419 0.468 0.469 0.395 0.431 0.462 0.512 0.450 0.413 0.427 0.378 0.461 0.397 0.442 0.376
-0.661 0.433 0.458 0.483 0.448 0.420 0.417 0.436 1.439 0.480 0.430 0.448 0.459 0.363 0.474 0.418 0.466 0.467 0.393 0.429 0.460 0.511 0.449 0.411 0.425 0.376 0.460 0.395 0.441 0.375
-0.732 0.480 0.508 0.535 0.494 0.464 0.460 0.482 0.480 1.537 0.477 0.497 0.504 0.390 0.526 0.455 0.516 0.518 0.428 0.463 0.511 0.537 0.497 0.437 0.472 0.406 0.511 0.432 0.482 0.385
-0.654 0.428 0.452 0.477 0.443 0.415 0.413 0.431 0.430 0.477 1.429 0.449 0.460 0.365 0.476 0.420 0.467 0.468 0.395 0.431 0.461 0.509 0.450 0.412 0.427 0.378 0.461 0.397 0.442 0.375
-0.681 0.447 0.471 0.498 0.462 0.432 0.430 0.449 0.448 0.497 0.449 1.465 0.485 0.392 0.497 0.445 0.489 0.490 0.419 0.462 0.482 0.560 0.471 0.448 0.446 0.405 0.481 0.420 0.468 0.423
-0.699 0.458 0.489 0.511 0.471 0.444 0.440 0.461 0.459 0.504 0.460 0.485 1.490 0.385 0.500 0.442 0.491 0.492 0.415 0.456 0.484 0.545 0.473 0.438 0.447 0.399 0.484 0.417 0.466 0.404
-0.552 0.357 0.399 0.403 0.369 0.355 0.347 0.365 0.363 0.390 0.365 0.392 0.385 1.307 0.392 0.338 0.385 0.386 0.318 0.342 0.381 0.388 0.370 0.320 0.352 0.301 0.381 0.322 0.357 0.263
-0.722 0.475 0.499 0.529 0.489 0.458 0.456 0.476 0.474 0.526 0.476 0.497 0.500 0.392 1.523 0.481 0.530 0.530 0.453 0.496 0.522 0.588 0.510 0.478 0.484 0.437 0.521 0.455 0.506 0.437
-0.636 0.416 0.448 0.465 0.427 0.406 0.399 0.419 0.418 0.455 0.420 0.445 0.442 0.338 0.481 1.406 0.445 0.445 0.376 0.411 0.439 0.494 0.428 0.395 0.406 0.361 0.438 0.378 0.420 0.365
-0.709 0.466 0.491 0.519 0.480 0.450 0.447 0.468 0.466 0.516 0.467 0.489 0.491 0.385 0.530 0.445 1.505 0.516 0.427 0.459 0.509 0.511 0.495 0.431 0.470 0.404 0.509 0.432 0.482 0.349
-0.711 0.467 0.491 0.521 0.482 0.451 0.449 0.469 0.467 0.518 0.468 0.490 0.492 0.386 0.530 0.445 0.516 1.507 0.437 0.492 0.500 0.623 0.489 0.484 0.461 0.427 0.499 0.437 0.491 0.501
-0.597 0.390 0.422 0.436 0.402 0.383 0.375 0.395 0.393 0.428 0.395 0.419 0.415 0.318 0.453 0.376 0.427 0.437 1.359 0.391 0.424 0.457 0.413 0.372 0.391 0.341 0.424 0.360 0.404 0.330
-0.653 0.424 0.471 0.478 0.437 0.417 0.410 0.431 0.429 0.463 0.431 0.462 0.456 0.342 0.496 0.411 0.459 0.492 0.391 1.431 0.452 0.507 0.440 0.404 0.416 0.366 0.452 0.385 0.432 0.373
-0.700 0.460 0.484 0.513 0.475 0.444 0.442 0.462 0.460 0.511 0.461 0.482 0.484 0.381 0.522 0.439 0.509 0.500 0.424 0.452 1.492 0.551 0.480 0.443 0.454 0.403 0.491 0.423 0.473 0.405
-0.778 0.485 0.595 0.577 0.514 0.490 0.492 0.512 0.511 0.537 0.509 0.560 0.545 0.388 0.588 0.494 0.511 0.623 0.457 0.507 0.551 1.624 0.530 0.496 0.502 0.450 0.543 0.469 0.524 0.467
-0.682 0.448 0.472 0.500 0.462 0.434 0.431 0.450 0.449 0.497 0.450 0.471 0.473 0.370 0.510 0.428 0.495 0.489 0.413 0.440 0.480 0.530 1.468 0.405 0.431 0.372 0.468 0.395 0.444 0.364
-0.625 0.403 0.458 0.460 0.416 0.399 0.393 0.413 0.411 0.437 0.412 0.448 0.438 0.320 0.478 0.395 0.431 0.484 0.372 0.404 0.443 0.496 0.405 1.398 0.422 0.379 0.455 0.396 0.439 0.378
-0.647 0.424 0.448 0.472 0.438 0.411 0.409 0.427 0.425 0.472 0.427 0.446 0.447 0.352 0.484 0.406 0.470 0.461 0.391 0.416 0.454 0.502 0.431 0.422 1.420 0.353 0.431 0.369 0.416 0.361
-0.572 0.372 0.411 0.418 0.383 0.367 0.359 0.378 0.376 0.406 0.378 0.405 0.399 0.301 0.437 0.361 0.404 0.427 0.341 0.366 0.403 0.450 0.372 0.379 0.353 1.332 0.399 0.348 0.385 0.338
-0.699 0.459 0.483 0.512 0.474 0.444 0.442 0.461 0.460 0.511 0.461 0.481 0.484 0.381 0.521 0.438 0.509 0.499 0.424 0.452 0.491 0.543 0.468 0.455 0.431 0.399 1.492 0.450 0.497 0.410
-0.601 0.393 0.423 0.438 0.404 0.385 0.377 0.397 0.395 0.432 0.397 0.420 0.417 0.322 0.455 0.378 0.432 0.437 0.360 0.385 0.423 0.469 0.395 0.396 0.369 0.348 0.450 1.365 0.429 0.360
-0.671 0.440 0.470 0.491 0.452 0.428 0.421 0.442 0.441 0.482 0.442 0.468 0.466 0.357 0.506 0.420 0.482 0.491 0.404 0.432 0.473 0.524 0.444 0.439 0.416 0.385 0.497 0.429 1.454 0.401
-0.567 0.336 0.470 0.435 0.375 0.360 0.367 0.376 0.375 0.385 0.375 0.423 0.404 0.263 0.437 0.365 0.349 0.501 0.330 0.373 0.405 0.467 0.364 0.378 0.361 0.338 0.410 0.360 0.401 1.351
