1.000 0.022 -0.015 -0.012 -0.007 -0.003 -0.015 0.006 -0.011 0.005
0.022 1.000 0.038 0.039 0.036 0.029 0.038 0.015 0.038 0.018
-0.015 0.038 1.002 -0.014 -0.034 -0.057 -0.003 -0.092 -0.019 -0.086
-0.012 0.039 -0.014 1.002 0.113 0.121 0.105 0.131 0.108 0.129
-0.007 0.036 -0.034 0.113 1.015 0.112 0.128 0.101 0.121 0.103
-0.003 0.029 -0.057 0.121 0.112 1.027 0.022 0.018 0.020 0.018
-0.015 0.038 -0.003 0.105 0.128 0.022 1.026 0.050 0.065 0.051
0.006 0.015 -0.092 0.131 0.101 0.018 0.050 1.033 0.049 0.052
-0.011 0.038 -0.019 0.108 0.121 0.020 0.065 0.049 1.027 -0.111
0.005 0.018 -0.086 0.129 0.103 0.018 0.051 0.052 -0.111 1.052
