1.000 -0.015 -0.015 -0.015 -0.011 -0.006 -0.015 -0.004 -0.004 -0.011
-0.015 1.000 -0.006 -0.007 -0.010 -0.014 -0.007 -0.015 -0.015 -0.010
-0.015 -0.006 1.000 -0.015 -0.008 0.002 -0.015 0.006 0.006 -0.007
-0.015 -0.007 -0.015 1.001 0.003 -0.002 0.007 -0.004 -0.004 0.002
-0.011 -0.010 -0.008 0.003 1.000 -0.085 -0.083 -0.084 -0.086 -0.085
-0.006 -0.014 0.002 -0.002 -0.085 1.007 0.040 0.040 0.039 0.039
-0.015 -0.007 -0.015 0.007 -0.083 0.040 1.009 0.010 0.009 0.008
-0.004 -0.015 0.006 -0.004 -0.084 0.040 0.010 1.009 0.028 0.032
-0.004 -0.015 0.006 -0.004 -0.086 0.039 0.009 0.028 1.009 0.011
-0.011 -0.010 -0.007 0.002 -0.085 0.039 0.008 0.032 0.011 1.009
