1.000 0.002 0.002 0.001 0.002 0.002 0.002 0.002 0.004 0.002
0.002 1.000 -0.001 -0.001 -0.001 -0.001 0.001 0.001 -0.006 -0.001
0.002 -0.001 1.000 -0.019 -0.020 -0.020 -0.029 -0.040 -0.092 -0.021
0.001 -0.001 -0.019 1.000 -0.016 -0.016 -0.021 -0.033 -0.105 -0.016
0.002 -0.001 -0.020 -0.016 1.001 0.001 0.001 0.002 0.004 0.001
0.002 -0.001 -0.020 -0.016 0.001 1.001 0.005 0.005 0.007 0.004
0.002 0.001 -0.029 -0.021 0.001 0.005 1.001 0.010 0.010 0.010
0.002 0.001 -0.040 -0.033 0.002 0.005 0.010 1.003 -0.237 -0.133
0.004 -0.006 -0.092 -0.105 0.004 0.007 0.010 -0.237 1.079 0.103
0.002 -0.001 -0.021 -0.016 0.001 0.004 0.010 -0.133 0.103 1.023
