1.000 0.009 0.009 0.011 0.007 0.009 0.008 0.012 0.008 0.011 0.012 0.011 0.010 0.008 0.011 0.008 0.007 0.008 0.008 0.008 0.010 0.008 0.009 0.012 0.008 0.007 0.008 0.009 0.008 0.009
0.009 1.000 -0.015 -0.017 -0.010 -0.014 -0.007 -0.017 -0.014 -0.017 -0.017 -0.016 -0.016 -0.008 -0.016 -0.006 -0.013 -0.006 -0.011 -0.006 -0.016 -0.012 -0.015 -0.017 -0.010 -0.009 -0.014 -0.012 -0.006 -0.013
0.009 -0.015 1.000 0.006 0.005 0.006 0.004 0.006 0.006 0.006 0.006 0.006 0.006 0.004 0.006 0.004 0.006 0.004 0.005 0.004 0.006 0.005 0.006 0.006 0.005 0.005 0.006 0.006 0.004 0.006
0.011 -0.017 0.006 1.000 -0.005 -0.008 -0.002 -0.011 -0.008 -0.011 -0.011 -0.010 -0.010 -0.003 -0.011 -0.002 -0.007 -0.002 -0.005 -0.002 -0.010 -0.006 -0.009 -0.011 -0.004 -0.004 -0.008 -0.007 -0.002 -0.007
0.007 -0.010 0.005 -0.005 1.000 0.006 0.004 0.007 0.006 0.006 0.006 0.006 0.006 0.005 0.006 0.004 0.006 0.004 0.006 0.004 0.006 0.006 0.006 0.007 0.005 0.005 0.006 0.006 0.005 0.006
0.009 -0.014 0.006 -0.008 0.006 1.000 0.010 0.008 0.012 0.008 0.008 0.010 0.010 0.011 0.009 0.009 0.012 0.010 0.012 0.010 0.010 0.012 0.011 0.008 0.012 0.012 0.012 0.012 0.010 0.013
0.008 -0.007 0.004 -0.002 0.004 0.010 1.000 0.002 0.003 0.002 0.002 0.003 0.003 0.005 0.003 0.005 0.004 0.005 0.005 0.005 0.003 0.004 0.003 0.003 0.005 0.005 0.003 0.004 0.005 0.004
0.012 -0.017 0.006 -0.011 0.007 0.008 0.002 1.001 -0.053 -0.067 -0.068 -0.061 -0.063 -0.035 -0.066 -0.032 -0.049 -0.031 -0.042 -0.031 -0.062 -0.048 -0.055 -0.067 -0.039 -0.037 -0.054 -0.049 -0.032 -0.048
0.008 -0.014 0.006 -0.008 0.006 0.012 0.003 -0.053 1.003 0.013 0.013 0.012 0.012 0.008 0.013 0.008 0.010 0.007 0.009 0.007 0.012 0.010 0.011 0.013 0.009 0.008 0.011 0.010 0.008 0.010
0.011 -0.017 0.006 -0.011 0.006 0.008 0.002 -0.067 0.013 1.005 -0.020 -0.020 -0.020 -0.015 -0.020 -0.013 -0.019 -0.014 -0.017 -0.013 -0.020 -0.018 -0.019 -0.020 -0.016 -0.016 -0.019 -0.018 -0.014 -0.018
0.012 -0.017 0.006 -0.011 0.006 0.008 0.002 -0.068 0.013 -0.020 1.006 -0.012 -0.012 -0.010 -0.012 -0.009 -0.010 -0.009 -0.010 -0.009 -0.012 -0.010 -0.011 -0.012 -0.010 -0.010 -0.011 -0.010 -0.009 -0.011
0.011 -0.016 0.006 -0.010 0.006 0.010 0.003 -0.061 0.012 -0.020 -0.012 1.005 -0.010 -0.004 -0.010 -0.005 -0.005 -0.005 -0.004 -0.005 -0.009 -0.005 -0.008 -0.011 -0.005 -0.004 -0.006 -0.005 -0.004 -0.005
0.010 -0.016 0.006 -0.010 0.006 0.010 0.003 -0.063 0.012 -0.020 -0.012 -0.010 1.006 -0.027 -0.050 -0.025 -0.038 -0.024 -0.032 -0.024 -0.047 -0.036 -0.042 -0.051 -0.030 -0.028 -0.041 -0.037 -0.025 -0.036
0.008 -0.008 0.004 -0.003 0.005 0.011 0.005 -0.035 0.008 -0.015 -0.010 -0.004 -0.027 1.003 0.028 0.016 0.023 0.015 0.020 0.015 0.026 0.023 0.024 0.028 0.018 0.016 0.025 0.022 0.017 0.021
0.011 -0.016 0.006 -0.011 0.006 0.009 0.003 -0.066 0.013 -0.020 -0.012 -0.010 -0.050 0.028 1.010 -0.045 -0.071 -0.044 -0.062 -0.044 -0.084 -0.068 -0.078 -0.090 -0.057 -0.054 -0.076 -0.070 -0.045 -0.069
0.008 -0.006 0.004 -0.002 0.004 0.009 0.005 -0.032 0.008 -0.013 -0.009 -0.005 -0.025 0.016 -0.045 1.005 0.013 0.008 0.011 0.008 0.016 0.013 0.014 0.018 0.010 0.009 0.015 0.013 0.010 0.013
0.007 -0.013 0.006 -0.007 0.006 0.012 0.004 -0.049 0.010 -0.019 -0.010 -0.005 -0.038 0.023 -0.071 0.013 1.012 -0.025 -0.028 -0.025 -0.032 -0.029 -0.030 -0.033 -0.027 -0.027 -0.030 -0.029 -0.025 -0.029
0.008 -0.006 0.004 -0.002 0.004 0.010 0.005 -0.031 0.007 -0.014 -0.009 -0.005 -0.024 0.015 -0.044 0.008 -0.025 1.006 -0.008 -0.009 -0.006 -0.008 -0.007 -0.005 -0.008 -0.009 -0.008 -0.008 -0.009 -0.008
0.008 -0.011 0.005 -0.005 0.006 0.012 0.005 -0.042 0.009 -0.017 -0.010 -0.004 -0.032 0.020 -0.062 0.011 -0.028 -0.008 1.011 -0.018 -0.029 -0.026 -0.028 -0.031 -0.022 -0.021 -0.027 -0.026 -0.018 -0.026
0.008 -0.006 0.004 -0.002 0.004 0.010 0.005 -0.031 0.007 -0.013 -0.009 -0.005 -0.024 0.015 -0.044 0.008 -0.025 -0.009 -0.018 1.007 -0.014 -0.015 -0.015 -0.014 -0.014 -0.015 -0.015 -0.015 -0.013 -0.015
0.010 -0.016 0.006 -0.010 0.006 0.010 0.003 -0.062 0.012 -0.020 -0.012 -0.009 -0.047 0.026 -0.084 0.016 -0.032 -0.006 -0.029 -0.014 1.023 -0.093 -0.100 -0.109 -0.082 -0.079 -0.099 -0.094 -0.070 -0.093
0.008 -0.012 0.005 -0.006 0.006 0.012 0.004 -0.048 0.010 -0.018 -0.010 -0.005 -0.036 0.023 -0.068 0.013 -0.029 -0.008 -0.026 -0.015 -0.093 1.028 -0.012 -0.008 -0.017 -0.018 -0.013 -0.014 -0.017 -0.015
0.009 -0.015 0.006 -0.009 0.006 0.011 0.003 -0.055 0.011 -0.019 -0.011 -0.008 -0.042 0.024 -0.078 0.014 -0.030 -0.007 -0.028 -0.015 -0.100 -0.012 1.036 0.032 0.022 0.020 0.027 0.025 0.023 0.024
0.012 -0.017 0.006 -0.011 0.007 0.008 0.003 -0.067 0.013 -0.020 -0.012 -0.011 -0.051 0.028 -0.090 0.018 -0.033 -0.005 -0.031 -0.014 -0.109 -0.008 0.032 1.046 -0.025 -0.025 -0.031 -0.029 -0.021 -0.029
0.008 -0.010 0.005 -0.004 0.005 0.012 0.005 -0.039 0.009 -0.016 -0.010 -0.005 -0.030 0.018 -0.057 0.010 -0.027 -0.008 -0.022 -0.014 -0.082 -0.017 0.022 -0.025 1.026 -0.005 -0.012 -0.009 -0.010 -0.008
0.007 -0.009 0.005 -0.004 0.005 0.012 0.005 -0.037 0.008 -0.016 -0.010 -0.004 -0.028 0.016 -0.054 0.009 -0.027 -0.009 -0.021 -0.015 -0.079 -0.018 0.020 -0.025 -0.005 1.025 0.026 0.026 0.017 0.026
0.008 -0.014 0.006 -0.008 0.006 0.012 0.003 -0.054 0.011 -0.019 -0.011 -0.006 -0.041 0.025 -0.076 0.015 -0.030 -0.008 -0.027 -0.015 -0.099 -0.013 0.027 -0.031 -0.012 0.026 1.042 -0.005 -0.001 -0.005
0.009 -0.012 0.006 -0.007 0.006 0.012 0.004 -0.049 0.010 -0.018 -0.010 -0.005 -0.037 0.022 -0.070 0.013 -0.029 -0.008 -0.026 -0.015 -0.094 -0.014 0.025 -0.029 -0.009 0.026 -0.005 1.039 -0.006 0.008
0.008 -0.006 0.004 -0.002 0.005 0.010 0.005 -0.032 0.008 -0.014 -0.009 -0.004 -0.025 0.017 -0.045 0.010 -0.025 -0.009 -0.018 -0.013 -0.070 -0.017 0.023 -0.021 -0.010 0.017 -0.001 -0.006 1.021 0.046
0.009 -0.013 0.006 -0.007 0.006 0.013 0.004 -0.048 0.010 -0.018 -0.011 -0.005 -0.036 0.021 -0.069 0.013 -0.029 -0.008 -0.026 -0.015 -0.093 -0.015 0.024 -0.029 -0.008 0.026 -0.005 0.008 0.046 1.039
