1.000 -0.004 -0.004 -0.004 -0.003 -0.004 -0.003 -0.004 -0.004 -0.004 -0.004 -0.003 -0.004 -0.003 -0.004 -0.004 -0.003 -0.004 -0.004 -0.004
-0.004 1.000 0.004 0.004 0.005 0.004 0.005 0.004 0.005 0.004 0.004 0.005 0.004 0.005 0.004 0.004 0.005 0.005 0.004 0.004
-0.004 0.004 1.000 -0.005 -0.010 -0.006 -0.010 -0.005 -0.008 -0.005 -0.007 -0.010 -0.007 -0.009 -0.005 -0.006 -0.010 -0.008 -0.005 -0.005
-0.004 0.004 -0.005 1.000 -0.010 -0.004 -0.010 -0.003 -0.007 -0.003 -0.006 -0.010 -0.006 -0.009 -0.003 -0.004 -0.009 -0.007 -0.003 -0.003
-0.003 0.005 -0.010 -0.010 1.000 -0.001 0.007 -0.002 0.002 -0.002 0.001 0.006 0.001 0.005 -0.002 -0.001 0.005 0.002 -0.002 -0.002
-0.004 0.004 -0.006 -0.004 -0.001 1.000 -0.024 -0.025 -0.025 -0.025 -0.025 -0.025 -0.025 -0.025 -0.025 -0.025 -0.025 -0.025 -0.025 -0.025
-0.003 0.005 -0.010 -0.010 0.007 -0.024 1.001 0.003 0.009 0.004 0.008 0.013 0.008 0.012 0.003 0.005 0.013 0.009 0.003 0.003
-0.004 0.004 -0.005 -0.003 -0.002 -0.025 0.003 1.001 -0.016 -0.014 -0.015 -0.018 -0.015 -0.017 -0.014 -0.014 -0.017 -0.016 -0.014 -0.014
-0.004 0.005 -0.008 -0.007 0.002 -0.025 0.009 -0.016 1.001 0.019 0.015 0.010 0.015 0.012 0.019 0.017 0.011 0.014 0.019 0.019
-0.004 0.004 -0.005 -0.003 -0.002 -0.025 0.004 -0.014 0.019 1.001 -0.003 -0.001 -0.003 -0.001 -0.004 -0.003 -0.001 -0.002 -0.004 -0.004
-0.004 0.004 -0.007 -0.006 0.001 -0.025 0.008 -0.015 0.015 -0.003 1.001 0.015 0.011 0.014 0.008 0.009 0.014 0.012 0.008 0.008
-0.003 0.005 -0.010 -0.010 0.006 -0.025 0.013 -0.018 0.010 -0.001 0.015 1.002 0.003 0.006 -0.001 0.001 0.006 0.004 -0.001 -0.001
-0.004 0.004 -0.007 -0.006 0.001 -0.025 0.008 -0.015 0.015 -0.003 0.011 0.003 1.001 -0.015 -0.011 -0.012 -0.016 -0.014 -0.010 -0.010
-0.003 0.005 -0.009 -0.009 0.005 -0.025 0.012 -0.017 0.012 -0.001 0.014 0.006 -0.015 1.002 -0.010 -0.018 -0.048 -0.033 -0.010 -0.010
-0.004 0.004 -0.005 -0.003 -0.002 -0.025 0.003 -0.014 0.019 -0.004 0.008 -0.001 -0.011 -0.010 1.002 0.035 0.031 0.033 0.036 0.036
-0.004 0.004 -0.006 -0.004 -0.001 -0.025 0.005 -0.014 0.017 -0.003 0.009 0.001 -0.012 -0.018 0.035 1.003 0.008 0.008 0.008 0.008
-0.003 0.005 -0.010 -0.009 0.005 -0.025 0.013 -0.017 0.011 -0.001 0.014 0.006 -0.016 -0.048 0.031 0.008 1.005 0.024 0.011 0.012
-0.004 0.005 -0.008 -0.007 0.002 -0.025 0.009 -0.016 0.014 -0.002 0.012 0.004 -0.014 -0.033 0.033 0.008 0.024 1.004 0.009 0.009
-0.004 0.004 -0.005 -0.003 -0.002 -0.025 0.003 -0.014 0.019 -0.004 0.008 -0.001 -0.010 -0.010 0.036 0.008 0.011 0.009 1.003 0.004
-0.004 0.004 -0.005 -0.003 -0.002 -0.025 0.003 -0.014 0.019 -0.004 0.008 -0.001 -0.010 -0.010 0.036 0.008 0.012 0.009 0.004 1.003
