1.000 -0.000 0.002 0.002 -0.002 0.001 0.001 -0.004 -0.001 -0.003 -0.003 -0.008 0.001 0.002 0.000 0.001 -0.001 0.001 0.001 -0.003 0.001 -0.000 -0.003 0.001 0.001 -0.003 -0.000 -0.001 0.000 -0.007
-0.000 1.000 0.011 0.011 0.008 0.011 0.011 0.005 0.008 0.007 0.007 -0.006 0.011 0.011 0.010 0.011 0.008 0.011 0.011 0.006 0.011 0.010 0.005 0.011 0.011 0.005 0.009 0.009 0.010 -0.004
0.002 0.011 1.000 -0.030 0.028 0.001 -0.091 -0.026 -0.018 -0.050 0.001 -0.125 0.010 -0.058 -0.055 -0.026 -0.030 -0.043 0.006 -0.044 -0.024 -0.016 -0.071 -0.064 -0.035 -0.150 -0.068 -0.047 -0.054 -0.109
0.002 0.011 -0.030 1.001 0.020 0.017 0.020 0.024 0.021 0.024 0.022 0.041 0.017 0.019 0.020 0.018 0.021 0.018 0.017 0.024 0.018 0.019 0.026 0.019 0.018 0.029 0.021 0.021 0.020 0.038
-0.002 0.008 0.028 0.020 1.001 0.022 0.020 0.024 0.023 0.023 0.024 0.023 0.023 0.021 0.021 0.022 0.023 0.021 0.023 0.023 0.022 0.023 0.023 0.021 0.021 0.020 0.021 0.022 0.022 0.023
0.001 0.011 0.001 0.017 0.022 1.001 0.021 0.030 0.025 0.028 0.028 0.031 0.020 0.020 0.023 0.020 0.026 0.020 0.020 0.029 0.020 0.023 0.028 0.021 0.020 0.028 0.024 0.024 0.023 0.031
0.001 0.011 -0.091 0.020 0.020 0.021 1.010 0.002 0.002 0.005 0.000 0.013 0.000 0.006 0.006 0.003 0.003 0.005 0.000 0.004 0.003 0.002 0.007 0.007 0.004 0.014 0.007 0.005 0.005 0.012
-0.004 0.005 -0.026 0.024 0.024 0.030 0.002 1.003 0.031 0.034 0.032 0.064 0.028 0.029 0.030 0.028 0.031 0.029 0.028 0.035 0.028 0.030 0.037 0.029 0.028 0.040 0.031 0.031 0.030 0.058
-0.001 0.008 -0.018 0.021 0.023 0.025 0.002 0.031 1.003 0.054 0.054 0.028 0.058 0.059 0.058 0.059 0.056 0.059 0.058 0.053 0.059 0.057 0.052 0.059 0.059 0.053 0.058 0.057 0.058 0.033
-0.003 0.007 -0.050 0.024 0.023 0.028 0.005 0.034 0.054 1.008 0.044 0.032 0.053 0.058 0.054 0.055 0.049 0.057 0.054 0.046 0.055 0.052 0.046 0.057 0.056 0.050 0.053 0.052 0.054 0.035
-0.003 0.007 0.001 0.022 0.024 0.028 0.000 0.032 0.054 0.044 1.007 0.022 -0.003 -0.003 -0.001 -0.003 0.001 -0.003 -0.003 0.004 -0.003 -0.001 0.005 -0.002 -0.003 0.006 -0.000 -0.000 -0.001 0.019
-0.008 -0.006 -0.125 0.041 0.023 0.031 0.013 0.064 0.028 0.032 0.022 1.023 -0.028 -0.020 -0.016 -0.024 -0.015 -0.022 -0.028 -0.008 -0.025 -0.021 -0.005 -0.018 -0.023 0.005 -0.013 -0.015 -0.016 0.005
0.001 0.011 0.010 0.017 0.023 0.020 0.000 0.028 0.058 0.053 -0.003 -0.028 1.009 0.043 0.040 0.043 0.036 0.043 0.044 0.031 0.043 0.040 0.030 0.042 0.043 0.029 0.038 0.038 0.040 0.015
0.002 0.011 -0.058 0.019 0.021 0.020 0.006 0.029 0.059 0.058 -0.003 -0.020 0.043 1.013 0.016 0.015 0.013 0.016 0.013 0.013 0.015 0.013 0.015 0.017 0.015 0.020 0.016 0.015 0.016 0.018
0.000 0.010 -0.055 0.020 0.021 0.023 0.006 0.030 0.058 0.054 -0.001 -0.016 0.040 0.016 1.012 0.051 0.044 0.052 0.049 0.040 0.051 0.046 0.041 0.052 0.051 0.045 0.048 0.047 0.049 0.033
0.001 0.011 -0.026 0.018 0.022 0.020 0.003 0.028 0.059 0.055 -0.003 -0.024 0.043 0.015 0.051 1.012 0.124 0.127 0.125 0.121 0.126 0.125 0.121 0.127 0.126 0.122 0.126 0.125 0.126 0.104
-0.001 0.008 -0.030 0.021 0.023 0.026 0.003 0.031 0.056 0.049 0.001 -0.015 0.036 0.013 0.044 0.124 1.023 0.152 0.151 0.159 0.152 0.153 0.160 0.153 0.152 0.163 0.155 0.155 0.154 0.171
0.001 0.011 -0.043 0.018 0.021 0.020 0.005 0.029 0.059 0.057 -0.003 -0.022 0.043 0.016 0.052 0.127 0.152 1.043 0.152 0.160 0.154 0.156 0.160 0.156 0.154 0.164 0.159 0.158 0.157 0.154
0.001 0.011 0.006 0.017 0.023 0.020 0.000 0.028 0.058 0.054 -0.003 -0.028 0.044 0.013 0.049 0.125 0.151 0.152 1.053 -0.053 -0.074 -0.067 -0.052 -0.073 -0.074 -0.051 -0.066 -0.065 -0.068 -0.022
-0.003 0.006 -0.044 0.024 0.023 0.029 0.004 0.035 0.053 0.046 0.004 -0.008 0.031 0.013 0.040 0.121 0.159 0.160 -0.053 1.067 0.095 0.091 0.084 0.097 0.096 0.087 0.092 0.091 0.093 0.071
0.001 0.011 -0.024 0.018 0.022 0.020 0.003 0.028 0.059 0.055 -0.003 -0.025 0.043 0.015 0.051 0.126 0.152 0.154 -0.074 0.095 1.071 0.022 0.032 0.020 0.019 0.035 0.024 0.024 0.023 0.048
-0.000 0.010 -0.016 0.019 0.023 0.023 0.002 0.030 0.057 0.052 -0.001 -0.021 0.040 0.013 0.046 0.125 0.153 0.156 -0.067 0.091 0.022 1.071 0.125 0.132 0.131 0.126 0.130 0.130 0.131 0.105
-0.003 0.005 -0.071 0.026 0.023 0.028 0.007 0.037 0.052 0.046 0.005 -0.005 0.030 0.015 0.041 0.121 0.160 0.160 -0.052 0.084 0.032 0.125 1.074 0.006 0.006 -0.021 -0.003 -0.005 -0.001 -0.069
0.001 0.011 -0.064 0.019 0.021 0.021 0.007 0.029 0.059 0.057 -0.002 -0.018 0.042 0.017 0.052 0.127 0.153 0.156 -0.073 0.097 0.020 0.132 0.006 1.085 -0.083 -0.086 -0.087 -0.089 -0.086 -0.083
0.001 0.011 -0.035 0.018 0.021 0.020 0.004 0.028 0.059 0.056 -0.003 -0.023 0.043 0.015 0.051 0.126 0.152 0.154 -0.074 0.096 0.019 0.131 0.006 -0.083 1.110 0.155 0.163 0.162 0.165 0.134
-0.003 0.005 -0.150 0.029 0.020 0.028 0.014 0.040 0.053 0.050 0.006 0.005 0.029 0.020 0.045 0.122 0.163 0.164 -0.051 0.087 0.035 0.126 -0.021 -0.086 0.155 1.133 0.103 0.098 0.095 0.198
-0.000 0.009 -0.068 0.021 0.021 0.024 0.007 0.031 0.058 0.053 -0.000 -0.013 0.038 0.016 0.048 0.126 0.155 0.159 -0.066 0.092 0.024 0.130 -0.003 -0.087 0.163 0.103 1.117 0.281 0.271 0.371
-0.001 0.009 -0.047 0.021 0.022 0.024 0.005 0.031 0.057 0.052 -0.000 -0.015 0.038 0.015 0.047 0.125 0.155 0.158 -0.065 0.091 0.024 0.130 -0.005 -0.089 0.162 0.098 0.281 1.142 0.342 0.306
0.000 0.010 -0.054 0.020 0.022 0.023 0.005 0.030 0.058 0.054 -0.001 -0.016 0.040 0.016 0.049 0.126 0.154 0.157 -0.068 0.093 0.023 0.131 -0.001 -0.086 0.165 0.095 0.271 0.342 1.180 0.126
-0.007 -0.004 -0.109 0.038 0.023 0.031 0.012 0.058 0.033 0.035 0.019 0.005 0.015 0.018 0.033 0.104 0.171 0.154 -0.022 0.071 0.048 0.105 -0.069 -0.083 0.134 0.198 0.371 0.306 0.126 1.219
