1.000 0.000 0.000 0.000 -0.001 -0.001 -0.000 0.000 -0.000 -0.000 0.000 -0.000 -0.000 -0.001 0.000 0.000 0.000 -0.001 0.000 -0.000 -0.001 -0.000 -0.001 0.000 0.000 -0.000 -0.000 -0.000 -0.000 -0.001
0.000 1.000 0.007 -0.005 -0.051 -0.029 -0.027 -0.016 0.035 0.005 -0.003 0.018 -0.058 0.087 0.017 -0.008 -0.003 0.061 0.000 -0.014 0.042 -0.020 -0.032 0.027 0.036 -0.009 0.029 -0.055 0.037 0.052
0.000 0.007 1.000 0.004 0.010 0.008 0.005 0.004 0.005 0.005 0.005 0.006 0.005 0.011 0.004 0.004 0.004 0.009 0.005 0.007 0.007 0.005 0.008 0.004 0.004 0.007 0.005 0.006 0.005 0.011
0.000 -0.005 0.004 1.000 -0.001 -0.001 -0.001 -0.001 -0.001 -0.001 -0.001 -0.001 -0.001 -0.002 -0.001 -0.001 -0.001 -0.002 -0.001 -0.001 -0.001 -0.001 -0.001 -0.001 -0.001 -0.001 -0.001 -0.001 -0.001 -0.002
-0.001 -0.051 0.010 -0.001 1.003 0.012 0.013 0.012 0.010 0.011 0.012 0.011 0.014 0.005 0.011 0.012 0.012 0.007 0.011 0.012 0.009 0.012 0.011 0.010 0.010 0.012 0.010 0.014 0.010 0.006
-0.001 -0.029 0.008 -0.001 0.012 1.001 0.004 0.001 0.000 0.003 0.001 0.003 0.006 0.006 0.001 0.001 0.001 0.006 0.002 0.006 0.005 0.004 0.009 0.000 -0.000 0.006 0.002 0.007 0.000 0.007
-0.000 -0.027 0.005 -0.001 0.013 0.004 1.001 -0.003 -0.004 -0.006 -0.003 -0.006 -0.005 -0.015 -0.003 -0.002 -0.003 -0.013 -0.004 -0.008 -0.010 -0.005 -0.011 -0.004 -0.003 -0.008 -0.006 -0.007 -0.004 -0.014
0.000 -0.016 0.004 -0.001 0.012 0.001 -0.003 1.000 -0.004 -0.004 -0.003 -0.004 -0.003 -0.007 -0.003 -0.003 -0.003 -0.006 -0.003 -0.004 -0.005 -0.003 -0.004 -0.004 -0.004 -0.004 -0.004 -0.003 -0.004 -0.007
-0.000 0.035 0.005 -0.001 0.010 0.000 -0.004 -0.004 1.001 0.020 0.018 0.021 0.019 0.030 0.018 0.017 0.018 0.028 0.019 0.022 0.025 0.020 0.025 0.019 0.019 0.022 0.021 0.021 0.019 0.029
-0.000 0.005 0.005 -0.001 0.011 0.003 -0.006 -0.004 0.020 1.001 0.003 0.003 0.002 0.002 0.003 0.003 0.003 0.002 0.003 0.002 0.002 0.002 0.002 0.003 0.003 0.002 0.003 0.002 0.003 0.003
0.000 -0.003 0.005 -0.001 0.012 0.001 -0.003 -0.003 0.018 0.003 1.000 0.020 0.021 0.027 0.017 0.017 0.017 0.025 0.018 0.022 0.023 0.020 0.025 0.017 0.017 0.022 0.019 0.022 0.017 0.027
-0.000 0.018 0.006 -0.001 0.011 0.003 -0.006 -0.004 0.021 0.003 0.020 1.001 0.001 0.001 0.004 0.004 0.004 0.000 0.003 0.001 0.002 0.002 -0.002 0.004 0.005 0.001 0.003 -0.000 0.004 -0.000
-0.000 -0.058 0.005 -0.001 0.014 0.006 -0.005 -0.003 0.019 0.002 0.021 0.001 1.004 -0.008 -0.008 -0.007 -0.007 -0.007 -0.006 -0.004 -0.007 -0.004 -0.001 -0.009 -0.009 -0.004 -0.008 -0.001 -0.009 -0.006
-0.001 0.087 0.011 -0.002 0.005 0.006 -0.015 -0.007 0.030 0.002 0.027 0.001 -0.008 1.010 -0.025 -0.027 -0.027 -0.050 -0.030 -0.042 -0.039 -0.035 -0.057 -0.024 -0.023 -0.041 -0.029 -0.045 -0.024 -0.073
0.000 0.017 0.004 -0.001 0.011 0.001 -0.003 -0.003 0.018 0.003 0.017 0.004 -0.008 -0.025 1.002 -0.009 -0.009 -0.020 -0.010 -0.015 -0.015 -0.012 -0.021 -0.008 -0.008 -0.015 -0.010 -0.016 -0.009 -0.028
0.000 -0.008 0.004 -0.001 0.012 0.001 -0.002 -0.003 0.017 0.003 0.017 0.004 -0.007 -0.027 -0.009 1.002 0.021 0.023 0.021 0.023 0.023 0.022 0.024 0.020 0.020 0.023 0.021 0.023 0.020 0.022
0.000 -0.003 0.004 -0.001 0.012 0.001 -0.003 -0.003 0.018 0.003 0.017 0.004 -0.007 -0.027 -0.009 0.021 1.002 0.001 0.001 0.001 0.001 0.001 0.001 0.001 0.001 0.001 0.001 0.001 0.001 0.001
-0.001 0.061 0.009 -0.002 0.007 0.006 -0.013 -0.006 0.028 0.002 0.025 0.000 -0.007 -0.050 -0.020 0.023 0.001 1.010 -0.009 -0.008 -0.004 -0.009 -0.007 -0.008 -0.007 -0.007 -0.007 -0.010 -0.007 0.001
0.000 0.000 0.005 -0.001 0.011 0.002 -0.004 -0.003 0.019 0.003 0.018 0.003 -0.006 -0.030 -0.010 0.021 0.001 -0.009 1.003 -0.012 -0.012 -0.010 -0.014 -0.008 -0.008 -0.012 -0.009 -0.012 -0.008 -0.015
-0.000 -0.014 0.007 -0.001 0.012 0.006 -0.008 -0.004 0.022 0.002 0.022 0.001 -0.004 -0.042 -0.015 0.023 0.001 -0.008 -0.012 1.004 -0.009 -0.010 -0.006 -0.012 -0.013 -0.008 -0.011 -0.008 -0.012 -0.004
-0.001 0.042 0.007 -0.001 0.009 0.005 -0.010 -0.005 0.025 0.002 0.023 0.002 -0.007 -0.039 -0.015 0.023 0.001 -0.004 -0.012 -0.009 1.006 0.006 0.004 0.008 0.008 0.007 0.008 0.006 0.008 -0.001
-0.000 -0.020 0.005 -0.001 0.012 0.004 -0.005 -0.003 0.020 0.002 0.020 0.002 -0.004 -0.035 -0.012 0.022 0.001 -0.009 -0.010 -0.010 0.006 1.004 0.008 0.008 0.007 0.008 0.007 0.009 0.007 0.007
-0.001 -0.032 0.008 -0.001 0.011 0.009 -0.011 -0.004 0.025 0.002 0.025 -0.002 -0.001 -0.057 -0.021 0.024 0.001 -0.007 -0.014 -0.006 0.004 0.008 1.007 0.003 0.003 0.005 0.003 0.006 0.003 0.005
0.000 0.027 0.004 -0.001 0.010 0.000 -0.004 -0.004 0.019 0.003 0.017 0.004 -0.009 -0.024 -0.008 0.020 0.001 -0.008 -0.008 -0.012 0.008 0.008 0.003 1.003 0.004 0.002 0.003 0.001 0.004 0.004
0.000 0.036 0.004 -0.001 0.010 -0.000 -0.003 -0.004 0.019 0.003 0.017 0.005 -0.009 -0.023 -0.008 0.020 0.001 -0.007 -0.008 -0.013 0.008 0.007 0.003 0.004 1.004 0.030 0.031 0.028 0.032 0.026
-0.000 -0.009 0.007 -0.001 0.012 0.006 -0.008 -0.004 0.022 0.002 0.022 0.001 -0.004 -0.041 -0.015 0.023 0.001 -0.007 -0.012 -0.008 0.007 0.008 0.005 0.002 0.030 1.005 -0.013 -0.010 -0.014 -0.005
-0.000 0.029 0.005 -0.001 0.010 0.002 -0.006 -0.004 0.021 0.003 0.019 0.003 -0.008 -0.029 -0.010 0.021 0.001 -0.007 -0.009 -0.011 0.008 0.007 0.003 0.003 0.031 -0.013 1.005 0.002 0.006 0.006
-0.000 -0.055 0.006 -0.001 0.014 0.007 -0.007 -0.003 0.021 0.002 0.022 -0.000 -0.001 -0.045 -0.016 0.023 0.001 -0.010 -0.012 -0.008 0.006 0.009 0.006 0.001 0.028 -0.010 0.002 1.008 0.001 0.004
-0.000 0.037 0.005 -0.001 0.010 0.000 -0.004 -0.004 0.019 0.003 0.017 0.004 -0.009 -0.024 -0.009 0.020 0.001 -0.007 -0.008 -0.012 0.008 0.007 0.003 0.004 0.032 -0.014 0.006 0.001 1.005 0.144
-0.001 0.052 0.011 -0.002 0.006 0.007 -0.014 -0.007 0.029 0.003 0.027 -0.000 -0.006 -0.073 -0.028 0.022 0.001 0.001 -0.015 -0.004 -0.001 0.007 0.005 0.004 0.026 -0.005 0.006 0.004 0.144 1.032
