1.000 -0.007 -0.006 -0.006 -0.008 -0.006 -0.005 -0.010 -0.008 -0.009 -0.008 -0.013 -0.005 -0.006 -0.006 -0.006 -0.007 -0.005 -0.006 -0.010 -0.006 -0.007 -0.009 -0.005 -0.005 -0.009 -0.007 -0.007 -0.005 -0.012
-0.007 1.000 -0.010 -0.010 -0.015 -0.010 -0.010 -0.019 -0.015 -0.016 -0.014 -0.032 -0.010 -0.010 -0.011 -0.010 -0.014 -0.010 -0.010 -0.019 -0.010 -0.012 -0.018 -0.010 -0.010 -0.018 -0.012 -0.013 -0.010 -0.029
-0.006 -0.010 1.000 -0.093 -0.124 -0.034 -0.099 -0.031 -0.075 -0.030 -0.062 -0.049 -0.067 -0.050 -0.090 -0.012 -0.105 -0.043 -0.002 0.005 -0.116 -0.043 -0.170 -0.062 -0.087 -0.159 -0.123 -0.104 -0.063 -0.147
-0.006 -0.010 -0.093 1.009 0.040 0.024 0.030 0.038 0.035 0.034 0.034 0.062 0.027 0.026 0.032 0.022 0.037 0.025 0.022 0.034 0.032 0.028 0.050 0.027 0.029 0.048 0.036 0.035 0.027 0.066
-0.008 -0.015 -0.124 0.040 1.016 0.023 0.032 0.029 0.033 0.028 0.031 0.033 0.028 0.026 0.032 0.021 0.036 0.025 0.019 0.024 0.034 0.026 0.046 0.027 0.030 0.045 0.037 0.035 0.027 0.045
-0.006 -0.010 -0.034 0.024 0.023 1.002 0.047 0.034 0.040 0.037 0.040 0.022 0.046 0.045 0.045 0.044 0.042 0.045 0.043 0.033 0.047 0.043 0.040 0.046 0.047 0.040 0.045 0.043 0.046 0.029
-0.005 -0.010 -0.099 0.030 0.032 0.047 1.013 0.007 0.011 0.007 0.010 0.011 0.011 0.010 0.013 0.006 0.014 0.009 0.005 0.003 0.016 0.009 0.020 0.011 0.013 0.019 0.016 0.014 0.011 0.020
-0.010 -0.019 -0.031 0.038 0.029 0.034 0.007 1.004 0.041 0.043 0.041 0.078 0.035 0.034 0.036 0.034 0.041 0.034 0.034 0.046 0.035 0.036 0.049 0.034 0.035 0.048 0.039 0.039 0.034 0.072
-0.008 -0.015 -0.075 0.035 0.033 0.040 0.011 0.041 1.010 0.017 0.021 0.001 0.022 0.020 0.023 0.018 0.024 0.020 0.017 0.013 0.025 0.020 0.026 0.021 0.023 0.027 0.025 0.024 0.021 0.013
-0.009 -0.016 -0.030 0.034 0.028 0.037 0.007 0.043 0.017 1.006 -0.002 -0.014 0.001 0.000 0.001 -0.001 -0.001 0.000 -0.001 -0.007 0.002 -0.001 -0.001 0.001 0.002 -0.001 0.001 0.000 0.001 -0.009
-0.008 -0.014 -0.062 0.034 0.031 0.040 0.010 0.041 0.021 -0.002 1.008 0.026 0.006 0.005 0.009 0.003 0.013 0.005 0.003 0.010 0.009 0.007 0.021 0.006 0.008 0.020 0.012 0.012 0.006 0.030
-0.013 -0.032 -0.049 0.062 0.033 0.022 0.011 0.078 0.001 -0.014 0.026 1.014 0.024 0.023 0.027 0.022 0.034 0.024 0.022 0.033 0.025 0.026 0.040 0.023 0.025 0.041 0.030 0.031 0.024 0.051
-0.005 -0.010 -0.067 0.027 0.028 0.046 0.011 0.035 0.022 0.001 0.006 0.024 1.009 0.024 0.025 0.021 0.024 0.023 0.021 0.012 0.028 0.022 0.024 0.025 0.026 0.024 0.026 0.025 0.025 0.012
-0.006 -0.010 -0.050 0.026 0.026 0.045 0.010 0.034 0.020 0.000 0.005 0.023 0.024 1.007 0.031 0.029 0.028 0.030 0.028 0.018 0.033 0.028 0.026 0.031 0.032 0.026 0.031 0.029 0.031 0.013
-0.006 -0.011 -0.090 0.032 0.032 0.045 0.013 0.036 0.023 0.001 0.009 0.027 0.025 0.031 1.013 0.047 0.051 0.050 0.046 0.038 0.056 0.048 0.054 0.051 0.054 0.053 0.054 0.052 0.052 0.046
-0.006 -0.010 -0.012 0.022 0.021 0.044 0.006 0.034 0.018 -0.001 0.003 0.022 0.021 0.029 0.047 1.007 0.117 0.112 0.112 0.115 0.114 0.114 0.118 0.113 0.113 0.119 0.116 0.116 0.113 0.107
-0.007 -0.014 -0.105 0.037 0.036 0.042 0.014 0.041 0.024 -0.001 0.013 0.034 0.024 0.028 0.051 0.117 1.030 0.140 0.136 0.151 0.147 0.143 0.168 0.141 0.144 0.167 0.153 0.152 0.141 0.182
-0.005 -0.010 -0.043 0.025 0.025 0.045 0.009 0.034 0.020 0.000 0.005 0.024 0.023 0.030 0.050 0.112 0.140 1.033 0.156 0.164 0.161 0.161 0.172 0.158 0.159 0.173 0.166 0.166 0.158 0.164
-0.006 -0.010 -0.002 0.022 0.019 0.043 0.005 0.034 0.017 -0.001 0.003 0.022 0.021 0.028 0.046 0.112 0.136 0.156 1.047 -0.055 -0.072 -0.068 -0.056 -0.072 -0.072 -0.057 -0.067 -0.066 -0.071 -0.032
-0.010 -0.019 0.005 0.034 0.024 0.033 0.003 0.046 0.013 -0.007 0.010 0.033 0.012 0.018 0.038 0.115 0.151 0.164 -0.055 1.065 0.095 0.096 0.089 0.097 0.097 0.090 0.094 0.094 0.097 0.079
-0.006 -0.010 -0.116 0.032 0.034 0.047 0.016 0.035 0.025 0.002 0.009 0.025 0.028 0.033 0.056 0.114 0.147 0.161 -0.072 0.095 1.076 0.026 0.050 0.025 0.028 0.048 0.036 0.035 0.025 0.061
-0.007 -0.012 -0.043 0.028 0.026 0.043 0.009 0.036 0.020 -0.001 0.007 0.026 0.022 0.028 0.048 0.114 0.143 0.161 -0.068 0.096 0.026 1.067 0.154 0.147 0.148 0.155 0.152 0.151 0.148 0.140
-0.009 -0.018 -0.170 0.050 0.046 0.040 0.020 0.049 0.026 -0.001 0.021 0.040 0.024 0.026 0.054 0.118 0.168 0.172 -0.056 0.089 0.050 0.154 1.102 0.024 0.028 0.010 0.024 0.019 0.024 -0.036
-0.005 -0.010 -0.062 0.027 0.027 0.046 0.011 0.034 0.021 0.001 0.006 0.023 0.025 0.031 0.051 0.113 0.141 0.158 -0.072 0.097 0.025 0.147 0.024 1.078 -0.087 -0.093 -0.090 -0.092 -0.089 -0.080
-0.005 -0.010 -0.087 0.029 0.030 0.047 0.013 0.035 0.023 0.002 0.008 0.025 0.026 0.032 0.054 0.113 0.144 0.159 -0.072 0.097 0.028 0.148 0.028 -0.087 1.109 0.182 0.183 0.181 0.179 0.167
-0.009 -0.018 -0.159 0.048 0.045 0.040 0.019 0.048 0.027 -0.001 0.020 0.041 0.024 0.026 0.053 0.119 0.167 0.173 -0.057 0.090 0.048 0.155 0.010 -0.093 0.182 1.144 0.077 0.074 0.055 0.158
-0.007 -0.012 -0.123 0.036 0.037 0.045 0.016 0.039 0.025 0.001 0.012 0.030 0.026 0.031 0.054 0.116 0.153 0.166 -0.067 0.094 0.036 0.152 0.024 -0.090 0.183 0.077 1.130 0.323 0.286 0.416
-0.007 -0.013 -0.104 0.035 0.035 0.043 0.014 0.039 0.024 0.000 0.012 0.031 0.025 0.029 0.052 0.116 0.152 0.166 -0.066 0.094 0.035 0.151 0.019 -0.092 0.181 0.074 0.323 1.164 0.403 0.370
-0.005 -0.010 -0.063 0.027 0.027 0.046 0.011 0.034 0.021 0.001 0.006 0.024 0.025 0.031 0.052 0.113 0.141 0.158 -0.071 0.097 0.025 0.148 0.024 -0.089 0.179 0.055 0.286 0.403 1.205 0.153
-0.012 -0.029 -0.147 0.066 0.045 0.029 0.020 0.072 0.013 -0.009 0.030 0.051 0.012 0.013 0.046 0.107 0.182 0.164 -0.032 0.079 0.061 0.140 -0.036 -0.080 0.167 0.158 0.416 0.370 0.153 1.263
