1.000 0.025 0.019 0.020 0.024 0.027 0.019 0.018 0.023 0.041 0.022 0.028 0.019 0.030 0.028 0.019 0.020 0.019 0.037 0.022
0.025 1.001 -0.003 -0.005 -0.009 -0.012 -0.003 -0.003 -0.009 -0.018 -0.007 -0.013 -0.004 -0.014 -0.013 -0.003 -0.005 -0.004 -0.017 -0.007
0.019 -0.003 1.000 -0.003 0.015 0.030 -0.008 -0.008 0.009 0.095 0.004 0.038 -0.006 0.049 0.041 -0.008 -0.004 -0.007 0.082 0.005
0.020 -0.005 -0.003 1.000 -0.027 -0.032 -0.019 -0.019 -0.026 -0.052 -0.024 -0.034 -0.020 -0.036 -0.034 -0.019 -0.021 -0.019 -0.047 -0.024
0.024 -0.009 0.015 -0.027 1.002 -0.001 -0.016 -0.016 -0.009 0.022 -0.011 0.001 -0.016 0.006 0.003 -0.016 -0.015 -0.016 0.018 -0.011
0.027 -0.012 0.030 -0.032 -0.001 1.003 -0.021 -0.021 -0.016 0.005 -0.017 -0.010 -0.021 -0.008 -0.010 -0.021 -0.020 -0.021 0.001 -0.017
0.019 -0.003 -0.008 -0.019 -0.016 -0.021 1.002 0.058 0.063 0.096 0.061 0.072 0.059 0.076 0.073 0.058 0.059 0.059 0.090 0.062
0.018 -0.003 -0.008 -0.019 -0.016 -0.021 0.058 1.005 0.011 0.025 0.011 0.012 0.011 0.013 0.012 0.011 0.011 0.010 0.020 0.011
0.023 -0.009 0.009 -0.026 -0.009 -0.016 0.063 0.011 1.006 -0.003 0.012 0.008 0.017 0.007 0.008 0.018 0.016 0.018 0.001 0.013
0.041 -0.018 0.095 -0.052 0.022 0.005 0.096 0.025 -0.003 1.023 0.063 0.083 0.058 0.090 0.085 0.057 0.059 0.057 0.115 0.064
0.022 -0.007 0.004 -0.024 -0.011 -0.017 0.061 0.011 0.012 0.063 1.008 0.128 0.117 0.128 0.128 0.116 0.119 0.116 0.119 0.122
0.028 -0.013 0.038 -0.034 0.001 -0.010 0.072 0.012 0.008 0.083 0.128 1.027 -0.010 -0.014 -0.014 -0.009 -0.011 -0.009 -0.015 -0.013
0.019 -0.004 -0.006 -0.020 -0.016 -0.021 0.059 0.011 0.017 0.058 0.117 -0.010 1.021 0.284 0.276 0.233 0.233 0.233 0.309 0.239
0.030 -0.014 0.049 -0.036 0.006 -0.008 0.076 0.013 0.007 0.090 0.128 -0.014 0.284 1.099 0.253 0.218 0.218 0.218 0.278 0.224
0.028 -0.013 0.041 -0.034 0.003 -0.010 0.073 0.012 0.008 0.085 0.128 -0.014 0.276 0.253 1.118 0.218 0.218 0.218 0.216 0.220
0.019 -0.003 -0.008 -0.019 -0.016 -0.021 0.058 0.011 0.018 0.057 0.116 -0.009 0.233 0.218 0.218 1.099 0.103 0.101 0.170 0.110
0.020 -0.005 -0.004 -0.021 -0.015 -0.020 0.059 0.011 0.016 0.059 0.119 -0.011 0.233 0.218 0.218 0.103 1.100 -0.093 -0.076 -0.093
0.019 -0.004 -0.007 -0.019 -0.016 -0.021 0.059 0.010 0.018 0.057 0.116 -0.009 0.233 0.218 0.218 0.101 -0.093 1.136 0.081 0.034
0.037 -0.017 0.082 -0.047 0.018 0.001 0.090 0.020 0.001 0.115 0.119 -0.015 0.309 0.278 0.216 0.170 -0.076 0.081 1.204 0.478
0.022 -0.007 0.005 -0.024 -0.011 -0.017 0.062 0.011 0.013 0.064 0.122 -0.013 0.239 0.224 0.220 0.110 -0.093 0.034 0.478 1.248
