1.000 0.018 0.016 0.018 0.018 0.015 0.015 0.019 0.019 0.021 0.016 0.015 0.015 0.015 0.015 0.019 0.015 0.017 0.015 0.017
0.018 1.000 -0.018 -0.022 -0.022 -0.016 -0.016 -0.026 -0.025 -0.028 -0.018 -0.016 -0.016 -0.016 -0.017 -0.024 -0.016 -0.021 -0.016 -0.020
0.016 -0.018 1.001 -0.009 -0.009 -0.001 -0.001 -0.014 -0.013 -0.017 -0.004 -0.001 -0.001 -0.001 -0.002 -0.012 -0.001 -0.007 -0.001 -0.006
0.018 -0.022 -0.009 1.001 0.019 0.007 0.007 0.026 0.025 0.032 0.011 0.006 0.007 0.006 0.009 0.024 0.007 0.017 0.007 0.015
0.018 -0.022 -0.009 0.019 1.001 -0.002 -0.002 -0.018 -0.018 -0.024 -0.006 -0.002 -0.002 -0.002 -0.004 -0.016 -0.002 -0.010 -0.002 -0.009
0.015 -0.016 -0.001 0.007 -0.002 1.001 -0.001 0.038 0.035 0.049 0.008 -0.002 -0.001 -0.001 0.004 0.033 -0.001 0.019 -0.001 0.016
0.015 -0.016 -0.001 0.007 -0.002 -0.001 1.001 -0.009 -0.008 -0.008 -0.009 -0.008 -0.008 -0.008 -0.008 -0.008 -0.008 -0.009 -0.008 -0.008
0.019 -0.026 -0.014 0.026 -0.018 0.038 -0.009 1.004 0.001 -0.002 0.006 0.007 0.007 0.007 0.006 0.001 0.007 0.004 0.007 0.004
0.019 -0.025 -0.013 0.025 -0.018 0.035 -0.008 0.001 1.003 -0.026 -0.026 -0.026 -0.026 -0.026 -0.026 -0.026 -0.026 -0.026 -0.026 -0.026
0.021 -0.028 -0.017 0.032 -0.024 0.049 -0.008 -0.002 -0.026 1.007 0.005 0.001 0.001 0.001 0.003 0.016 0.001 0.010 0.001 0.009
0.016 -0.018 -0.004 0.011 -0.006 0.008 -0.009 0.006 -0.026 0.005 1.002 -0.004 -0.003 -0.003 -0.000 0.018 -0.003 0.009 -0.003 0.007
0.015 -0.016 -0.001 0.006 -0.002 -0.002 -0.008 0.007 -0.026 0.001 -0.004 1.001 -0.002 -0.002 -0.001 0.006 -0.002 0.003 -0.002 0.002
0.015 -0.016 -0.001 0.007 -0.002 -0.001 -0.008 0.007 -0.026 0.001 -0.003 -0.002 1.001 0.091 0.091 0.092 0.091 0.091 0.091 0.091
0.015 -0.016 -0.001 0.006 -0.002 -0.001 -0.008 0.007 -0.026 0.001 -0.003 -0.002 0.091 1.009 0.017 0.012 0.018 0.014 0.018 0.015
0.015 -0.017 -0.002 0.009 -0.004 0.004 -0.008 0.006 -0.026 0.003 -0.000 -0.001 0.091 0.017 1.009 -0.013 -0.024 -0.018 -0.024 -0.018
0.019 -0.024 -0.012 0.024 -0.016 0.033 -0.008 0.001 -0.026 0.016 0.018 0.006 0.092 0.012 -0.013 1.013 0.057 0.035 0.057 0.038
0.015 -0.016 -0.001 0.007 -0.002 -0.001 -0.008 0.007 -0.026 0.001 -0.003 -0.002 0.091 0.018 -0.024 0.057 1.013 -0.002 -0.007 -0.003
0.017 -0.021 -0.007 0.017 -0.010 0.019 -0.009 0.004 -0.026 0.010 0.009 0.003 0.091 0.014 -0.018 0.035 -0.002 1.012 0.112 0.122
0.015 -0.016 -0.001 0.007 -0.002 -0.001 -0.008 0.007 -0.026 0.001 -0.003 -0.002 0.091 0.018 -0.024 0.057 -0.007 0.112 1.023 0.044
0.017 -0.020 -0.006 0.015 -0.009 0.016 -0.008 0.004 -0.026 0.009 0.007 0.002 0.091 0.015 -0.018 0.038 -0.003 0.122 0.044 1.025
