1.000 -0.002 -0.002 -0.002 0.003 -0.002 -0.002 0.007 0.009 -0.001 0.004 0.004 -0.002 -0.004 -0.002 0.010 -0.001 0.016 -0.002 -0.002
-0.002 1.000 -0.000 -0.000 -0.000 -0.000 -0.000 -0.000 0.000 -0.000 -0.000 -0.000 -0.000 -0.000 -0.000 -0.000 -0.000 0.000 -0.000 -0.000
-0.002 -0.000 1.000 -0.013 -0.015 -0.013 -0.013 -0.017 -0.018 -0.013 -0.016 -0.015 -0.013 -0.012 -0.013 -0.018 -0.013 -0.021 -0.013 -0.013
-0.002 -0.000 -0.013 1.000 0.009 0.008 0.008 0.009 0.009 0.008 0.009 0.009 0.008 0.008 0.008 0.009 0.008 0.009 0.008 0.008
0.003 -0.000 -0.015 0.009 1.000 -0.003 -0.002 -0.003 -0.003 -0.002 -0.002 -0.002 -0.003 -0.005 -0.003 -0.004 -0.002 -0.009 -0.003 -0.003
-0.002 -0.000 -0.013 0.008 -0.003 1.000 0.001 0.002 0.002 0.001 0.002 0.002 0.001 0.001 0.001 0.002 0.001 0.002 0.001 0.001
-0.002 -0.000 -0.013 0.008 -0.002 0.001 1.000 0.000 0.000 0.000 0.000 0.000 0.000 0.000 0.000 0.000 0.000 0.001 0.000 0.000
0.007 -0.000 -0.017 0.009 -0.003 0.002 0.000 1.000 0.013 0.009 0.011 0.011 0.009 0.008 0.009 0.013 0.009 0.017 0.009 0.009
0.009 0.000 -0.018 0.009 -0.003 0.002 0.000 0.013 1.001 -0.006 -0.009 -0.009 -0.004 -0.002 -0.005 -0.012 -0.006 -0.015 -0.005 -0.004
-0.001 -0.000 -0.013 0.008 -0.002 0.001 0.000 0.009 -0.006 1.000 0.000 0.001 0.001 0.001 0.001 0.000 0.001 0.000 0.001 0.001
0.004 -0.000 -0.016 0.009 -0.002 0.002 0.000 0.011 -0.009 0.000 1.001 -0.016 -0.010 -0.009 -0.011 -0.022 -0.012 -0.028 -0.011 -0.011
0.004 -0.000 -0.015 0.009 -0.002 0.002 0.000 0.011 -0.009 0.001 -0.016 1.001 0.007 0.007 0.008 0.009 0.008 0.010 0.007 0.007
-0.002 -0.000 -0.013 0.008 -0.003 0.001 0.000 0.009 -0.004 0.001 -0.010 0.007 1.000 -0.001 -0.001 -0.001 -0.000 -0.003 -0.001 -0.000
-0.004 -0.000 -0.012 0.008 -0.005 0.001 0.000 0.008 -0.002 0.001 -0.009 0.007 -0.001 1.000 -0.015 -0.012 -0.015 -0.010 -0.015 -0.015
-0.002 -0.000 -0.013 0.008 -0.003 0.001 0.000 0.009 -0.005 0.001 -0.011 0.008 -0.001 -0.015 1.001 0.058 0.032 0.078 0.030 0.029
0.010 -0.000 -0.018 0.009 -0.004 0.002 0.000 0.013 -0.012 0.000 -0.022 0.009 -0.001 -0.012 0.058 1.005 0.006 0.013 0.006 0.006
-0.001 -0.000 -0.013 0.008 -0.002 0.001 0.000 0.009 -0.006 0.001 -0.012 0.008 -0.000 -0.015 0.032 0.006 1.002 0.008 0.003 0.002
0.016 0.000 -0.021 0.009 -0.009 0.002 0.001 0.017 -0.015 0.000 -0.028 0.010 -0.003 -0.010 0.078 0.013 0.008 1.008 0.013 0.012
-0.002 -0.000 -0.013 0.008 -0.003 0.001 0.000 0.009 -0.005 0.001 -0.011 0.007 -0.001 -0.015 0.030 0.006 0.003 0.013 1.002 -0.001
-0.002 -0.000 -0.013 0.008 -0.003 0.001 0.000 0.009 -0.004 0.001 -0.011 0.007 -0.000 -0.015 0.029 0.006 0.002 0.012 -0.001 1.002
