1.000 0.005 0.003 0.004 0.003 0.004 0.003 0.005 0.003 0.004 0.003 0.003 0.003 0.003 0.004 0.004 0.005 0.005 0.005 0.003 0.004 0.003 0.003 0.005 0.005 0.005 0.003 0.003 0.003 0.003
0.005 1.000 -0.001 0.005 0.001 0.004 -0.001 0.019 0.002 0.005 -0.001 -0.001 0.000 -0.001 0.003 0.004 0.008 0.012 0.018 -0.001 0.005 -0.001 -0.001 0.013 0.043 0.013 -0.001 -0.001 0.000 0.000
0.003 -0.001 1.000 0.006 0.004 0.005 0.003 0.013 0.004 0.006 0.002 0.002 0.003 0.002 0.005 0.005 0.008 0.010 0.013 0.002 0.006 0.002 0.002 0.010 0.015 0.011 0.002 0.002 0.003 0.003
0.004 0.005 0.006 1.000 -0.003 -0.003 -0.004 0.000 -0.003 -0.002 -0.004 -0.004 -0.004 -0.004 -0.003 -0.002 -0.001 -0.000 0.001 -0.004 -0.002 -0.004 -0.004 -0.000 -0.000 0.000 -0.004 -0.004 -0.004 -0.004
0.003 0.001 0.004 -0.003 1.000 -0.018 -0.011 -0.047 -0.016 -0.020 -0.010 -0.011 -0.012 -0.010 -0.018 -0.019 -0.026 -0.033 -0.046 -0.011 -0.021 -0.011 -0.010 -0.035 -0.064 -0.035 -0.010 -0.010 -0.013 -0.012
0.004 0.004 0.005 -0.003 -0.018 1.000 0.006 0.017 0.006 0.005 0.007 0.007 0.006 0.007 0.006 0.005 0.005 0.007 0.014 0.007 0.005 0.007 0.007 0.009 0.035 0.008 0.007 0.007 0.006 0.006
0.003 -0.001 0.003 -0.004 -0.011 0.006 1.000 -0.001 -0.002 -0.003 -0.001 -0.001 -0.002 -0.001 -0.002 -0.002 -0.003 -0.003 -0.002 -0.001 -0.003 -0.001 -0.001 -0.002 0.004 -0.003 -0.001 -0.001 -0.002 -0.002
0.005 0.019 0.013 0.000 -0.047 0.017 -0.001 1.003 0.008 0.010 0.006 0.006 0.007 0.006 0.009 0.010 0.013 0.017 0.023 0.006 0.011 0.006 0.006 0.018 0.033 0.018 0.006 0.006 0.007 0.007
0.003 0.002 0.004 -0.003 -0.016 0.006 -0.002 0.008 1.000 0.004 0.003 0.003 0.003 0.003 0.004 0.004 0.005 0.006 0.006 0.003 0.004 0.003 0.003 0.006 0.006 0.006 0.003 0.003 0.003 0.003
0.004 0.005 0.006 -0.002 -0.020 0.005 -0.003 0.010 0.004 1.001 0.004 0.005 0.005 0.004 0.007 0.007 0.009 0.011 0.015 0.005 0.008 0.004 0.004 0.012 0.021 0.012 0.004 0.004 0.005 0.005
0.003 -0.001 0.002 -0.004 -0.010 0.007 -0.001 0.006 0.003 0.004 1.000 -0.007 -0.008 -0.007 -0.009 -0.009 -0.012 -0.013 -0.015 -0.007 -0.010 -0.007 -0.007 -0.013 -0.014 -0.013 -0.007 -0.007 -0.008 -0.008
0.003 -0.001 0.002 -0.004 -0.011 0.007 -0.001 0.006 0.003 0.005 -0.007 1.000 0.008 0.007 0.009 0.009 0.010 0.011 0.011 0.008 0.009 0.008 0.008 0.010 0.010 0.011 0.007 0.007 0.008 0.008
0.003 0.000 0.003 -0.004 -0.012 0.006 -0.002 0.007 0.003 0.005 -0.008 0.008 1.000 0.020 0.025 0.026 0.032 0.039 0.054 0.020 0.027 0.020 0.020 0.042 0.097 0.041 0.020 0.020 0.022 0.022
0.003 -0.001 0.002 -0.004 -0.010 0.007 -0.001 0.006 0.003 0.004 -0.007 0.007 0.020 1.001 0.006 0.006 0.005 0.005 0.007 0.007 0.005 0.007 0.007 0.006 0.016 0.005 0.007 0.007 0.006 0.006
0.004 0.003 0.005 -0.003 -0.018 0.006 -0.002 0.009 0.004 0.007 -0.009 0.009 0.025 0.006 1.001 0.003 0.004 0.005 0.005 0.001 0.003 0.001 0.001 0.005 0.006 0.005 0.001 0.001 0.001 0.001
0.004 0.004 0.005 -0.002 -0.019 0.005 -0.002 0.010 0.004 0.007 -0.009 0.009 0.026 0.006 0.003 1.001 0.023 0.026 0.031 0.014 0.020 0.014 0.014 0.027 0.035 0.027 0.014 0.014 0.015 0.015
0.005 0.008 0.008 -0.001 -0.026 0.005 -0.003 0.013 0.005 0.009 -0.012 0.010 0.032 0.005 0.004 0.023 1.003 0.026 0.028 0.029 0.027 0.029 0.029 0.027 0.039 0.026 0.029 0.029 0.029 0.029
0.005 0.012 0.010 -0.000 -0.033 0.007 -0.003 0.017 0.006 0.011 -0.013 0.011 0.039 0.005 0.005 0.026 0.026 1.005 0.032 0.002 0.014 0.001 0.001 0.025 0.033 0.027 0.001 0.001 0.003 0.004
0.005 0.018 0.013 0.001 -0.046 0.014 -0.002 0.023 0.006 0.015 -0.015 0.011 0.054 0.007 0.005 0.031 0.028 0.032 1.009 0.022 0.038 0.022 0.022 0.049 0.040 0.053 0.021 0.021 0.025 0.025
0.003 -0.001 0.002 -0.004 -0.011 0.007 -0.001 0.006 0.003 0.005 -0.007 0.008 0.020 0.007 0.001 0.014 0.029 0.002 0.022 1.002 0.004 0.005 0.005 0.004 0.007 0.004 0.005 0.005 0.005 0.005
0.004 0.005 0.006 -0.002 -0.021 0.005 -0.003 0.011 0.004 0.008 -0.010 0.009 0.027 0.005 0.003 0.020 0.027 0.014 0.038 0.004 1.004 -0.002 -0.002 -0.085 -0.111 -0.093 -0.001 -0.001 -0.011 -0.011
0.003 -0.001 0.002 -0.004 -0.011 0.007 -0.001 0.006 0.003 0.004 -0.007 0.008 0.020 0.007 0.001 0.014 0.029 0.001 0.022 0.005 -0.002 1.002 0.001 0.004 0.002 0.004 0.001 0.001 0.002 0.002
0.003 -0.001 0.002 -0.004 -0.010 0.007 -0.001 0.006 0.003 0.004 -0.007 0.008 0.020 0.007 0.001 0.014 0.029 0.001 0.022 0.005 -0.002 0.001 1.002 0.011 0.019 0.011 0.002 0.002 0.003 0.003
0.005 0.013 0.010 -0.000 -0.035 0.009 -0.002 0.018 0.006 0.012 -0.013 0.010 0.042 0.006 0.005 0.027 0.027 0.025 0.049 0.004 -0.085 0.004 0.011 1.016 0.092 0.067 0.018 0.019 0.024 0.024
0.005 0.043 0.015 -0.000 -0.064 0.035 0.004 0.033 0.006 0.021 -0.014 0.010 0.097 0.016 0.006 0.035 0.039 0.033 0.040 0.007 -0.111 0.002 0.019 0.092 1.041 0.041 0.020 0.019 0.021 0.021
0.005 0.013 0.011 0.000 -0.035 0.008 -0.003 0.018 0.006 0.012 -0.013 0.011 0.041 0.005 0.005 0.027 0.026 0.027 0.053 0.004 -0.093 0.004 0.011 0.067 0.041 1.020 0.025 0.025 0.032 0.031
0.003 -0.001 0.002 -0.004 -0.010 0.007 -0.001 0.006 0.003 0.004 -0.007 0.007 0.020 0.007 0.001 0.014 0.029 0.001 0.021 0.005 -0.001 0.001 0.002 0.018 0.020 0.025 1.003 0.004 0.004 0.004
0.003 -0.001 0.002 -0.004 -0.010 0.007 -0.001 0.006 0.003 0.004 -0.007 0.007 0.020 0.007 0.001 0.014 0.029 0.001 0.021 0.005 -0.001 0.001 0.002 0.019 0.019 0.025 0.004 1.003 0.006 0.006
0.003 0.000 0.003 -0.004 -0.013 0.006 -0.002 0.007 0.003 0.005 -0.008 0.008 0.022 0.006 0.001 0.015 0.029 0.003 0.025 0.005 -0.011 0.002 0.003 0.024 0.021 0.032 0.004 0.006 1.004 0.006
0.003 0.000 0.003 -0.004 -0.012 0.006 -0.002 0.007 0.003 0.005 -0.008 0.008 0.022 0.006 0.001 0.015 0.029 0.004 0.025 0.005 -0.011 0.002 0.003 0.024 0.021 0.031 0.004 0.006 0.006 1.004
