1.000 -0.005 -0.002 -0.005 -0.002 -0.003 -0.004 -0.004 -0.001 -0.003 -0.003 -0.004 -0.005 -0.002 -0.005 -0.005 -0.002 -0.005 -0.003 -0.005 -0.002 -0.004 -0.005 -0.003 -0.005 -0.002 -0.003 -0.005 -0.005 -0.003
-0.005 1.000 -0.153 -0.190 -0.139 -0.078 -0.201 -0.178 -0.076 -0.122 -0.119 -0.226 -0.208 -0.162 -0.156 -0.168 -0.091 -0.166 -0.122 -0.180 -0.173 -0.147 -0.187 -0.214 -0.145 -0.123 -0.113 -0.173 -0.191 -0.182
-0.002 -0.153 1.023 0.002 -0.051 -0.019 0.002 -0.001 -0.043 -0.014 -0.012 0.002 0.004 -0.016 -0.003 -0.001 -0.040 -0.001 -0.012 0.001 -0.023 -0.004 0.002 -0.003 -0.004 -0.041 -0.017 -0.000 0.003 -0.006
-0.005 -0.190 0.002 1.037 0.027 0.012 0.035 0.030 0.014 0.021 0.020 0.040 0.036 0.029 0.026 0.028 0.017 0.028 0.020 0.031 0.032 0.025 0.032 0.038 0.024 0.023 0.019 0.029 0.033 0.032
-0.002 -0.139 -0.051 0.027 1.024 0.008 0.021 0.018 -0.000 0.014 0.013 0.025 0.021 0.016 0.014 0.016 0.000 0.015 0.012 0.017 0.014 0.013 0.018 0.025 0.013 0.001 0.011 0.016 0.018 0.020
-0.003 -0.078 -0.019 0.012 0.008 1.007 0.018 0.018 -0.009 0.007 0.010 0.015 0.020 0.004 0.018 0.019 -0.006 0.020 0.011 0.021 0.000 0.018 0.021 0.010 0.018 -0.006 0.006 0.020 0.021 0.010
-0.004 -0.201 0.002 0.035 0.021 0.018 1.041 0.024 0.012 0.015 0.014 0.035 0.030 0.025 0.020 0.022 0.015 0.022 0.015 0.024 0.030 0.018 0.026 0.033 0.018 0.023 0.014 0.023 0.026 0.027
-0.004 -0.178 -0.001 0.030 0.018 0.018 0.024 1.033 0.009 0.012 0.010 0.029 0.024 0.020 0.015 0.017 0.011 0.016 0.011 0.019 0.024 0.013 0.020 0.028 0.013 0.018 0.010 0.018 0.021 0.022
-0.001 -0.076 -0.043 0.014 -0.000 -0.009 0.012 0.009 1.009 0.011 0.020 0.021 0.036 -0.003 0.037 0.037 -0.025 0.042 0.021 0.043 -0.017 0.037 0.041 0.009 0.039 -0.031 0.009 0.040 0.041 0.014
-0.003 -0.122 -0.014 0.021 0.014 0.007 0.015 0.012 0.011 1.016 0.014 0.026 0.025 0.016 0.019 0.021 0.000 0.021 0.015 0.022 0.013 0.018 0.023 0.024 0.018 0.001 0.012 0.021 0.023 0.021
-0.003 -0.119 -0.012 0.020 0.013 0.010 0.014 0.010 0.020 0.014 1.016 0.057 0.055 0.050 0.049 0.050 0.044 0.050 0.045 0.052 0.052 0.048 0.053 0.056 0.048 0.049 0.044 0.051 0.053 0.052
-0.004 -0.226 0.002 0.040 0.025 0.015 0.035 0.029 0.021 0.026 0.057 1.053 0.048 0.036 0.037 0.039 0.022 0.040 0.028 0.043 0.039 0.035 0.044 0.047 0.035 0.031 0.026 0.041 0.045 0.041
-0.005 -0.208 0.004 0.036 0.021 0.020 0.030 0.024 0.036 0.025 0.055 0.048 1.046 0.029 0.034 0.036 0.014 0.036 0.024 0.039 0.030 0.032 0.040 0.040 0.032 0.021 0.021 0.037 0.041 0.035
-0.002 -0.162 -0.016 0.029 0.016 0.004 0.025 0.020 -0.003 0.016 0.050 0.036 0.029 1.030 0.066 0.068 0.065 0.068 0.059 0.070 0.074 0.065 0.071 0.072 0.065 0.073 0.059 0.069 0.072 0.068
-0.005 -0.156 -0.003 0.026 0.014 0.018 0.020 0.015 0.037 0.019 0.049 0.037 0.034 0.066 1.028 0.023 0.014 0.023 0.016 0.025 0.026 0.020 0.026 0.031 0.020 0.019 0.015 0.024 0.027 0.026
-0.005 -0.168 -0.001 0.028 0.016 0.019 0.022 0.017 0.037 0.021 0.050 0.039 0.036 0.068 0.023 1.032 0.021 0.026 0.019 0.028 0.033 0.023 0.030 0.036 0.022 0.029 0.019 0.027 0.030 0.030
-0.002 -0.091 -0.040 0.017 0.000 -0.006 0.015 0.011 -0.025 0.000 0.044 0.022 0.014 0.065 0.014 0.021 1.016 -0.022 -0.034 -0.021 -0.049 -0.025 -0.022 -0.035 -0.024 -0.057 -0.041 -0.023 -0.021 -0.035
-0.005 -0.166 -0.001 0.028 0.015 0.020 0.022 0.016 0.042 0.021 0.050 0.040 0.036 0.068 0.023 0.026 -0.022 1.034 0.017 0.026 0.026 0.021 0.027 0.032 0.020 0.018 0.015 0.025 0.028 0.026
-0.003 -0.122 -0.012 0.020 0.012 0.011 0.015 0.011 0.021 0.015 0.045 0.028 0.024 0.059 0.016 0.019 -0.034 0.017 1.021 0.038 0.013 0.033 0.038 0.030 0.034 -0.002 0.019 0.037 0.039 0.029
-0.005 -0.180 0.001 0.031 0.017 0.021 0.024 0.019 0.043 0.022 0.052 0.043 0.039 0.070 0.025 0.028 -0.021 0.026 0.038 1.039 0.032 0.016 0.023 0.032 0.016 0.029 0.014 0.021 0.024 0.026
-0.002 -0.173 -0.023 0.032 0.014 0.000 0.030 0.024 -0.017 0.013 0.052 0.039 0.030 0.074 0.026 0.033 -0.049 0.026 0.013 0.032 1.042 0.092 0.097 0.121 0.091 0.112 0.101 0.096 0.098 0.112
-0.004 -0.147 -0.004 0.025 0.013 0.018 0.018 0.013 0.037 0.018 0.048 0.035 0.032 0.065 0.020 0.023 -0.025 0.021 0.033 0.016 0.092 1.032 -0.000 0.013 -0.006 0.021 -0.001 -0.002 0.000 0.007
-0.005 -0.187 0.002 0.032 0.018 0.021 0.026 0.020 0.041 0.023 0.053 0.044 0.040 0.071 0.026 0.030 -0.022 0.027 0.038 0.023 0.097 -0.000 1.046 0.046 0.033 0.034 0.029 0.038 0.041 0.040
-0.003 -0.214 -0.003 0.038 0.025 0.010 0.033 0.028 0.009 0.024 0.056 0.047 0.040 0.072 0.031 0.036 -0.035 0.032 0.030 0.032 0.121 0.013 0.046 1.060 0.057 0.100 0.070 0.063 0.066 0.082
-0.005 -0.145 -0.004 0.024 0.013 0.018 0.018 0.013 0.039 0.018 0.048 0.035 0.032 0.065 0.020 0.022 -0.024 0.020 0.034 0.016 0.091 -0.006 0.033 0.057 1.033 0.038 0.028 0.033 0.035 0.036
-0.002 -0.123 -0.041 0.023 0.001 -0.006 0.023 0.018 -0.031 0.001 0.049 0.031 0.021 0.073 0.019 0.029 -0.057 0.018 -0.002 0.029 0.112 0.021 0.034 0.100 0.038 1.041 0.054 0.061 0.061 0.053
-0.003 -0.113 -0.017 0.019 0.011 0.006 0.014 0.010 0.009 0.012 0.044 0.026 0.021 0.059 0.015 0.019 -0.041 0.015 0.019 0.014 0.101 -0.001 0.029 0.070 0.028 0.054 1.028 0.027 0.025 0.027
-0.005 -0.173 -0.000 0.029 0.016 0.020 0.023 0.018 0.040 0.021 0.051 0.041 0.037 0.069 0.024 0.027 -0.023 0.025 0.037 0.021 0.096 -0.002 0.038 0.063 0.033 0.061 0.027 1.042 -0.005 0.006
-0.005 -0.191 0.003 0.033 0.018 0.021 0.026 0.021 0.041 0.023 0.053 0.045 0.041 0.072 0.027 0.030 -0.021 0.028 0.039 0.024 0.098 0.000 0.041 0.066 0.035 0.061 0.025 -0.005 1.051 0.057
-0.003 -0.182 -0.006 0.032 0.020 0.010 0.027 0.022 0.014 0.021 0.052 0.041 0.035 0.068 0.026 0.030 -0.035 0.026 0.029 0.026 0.112 0.007 0.040 0.082 0.036 0.053 0.027 0.006 0.057 1.049
