1.000 -0.000 0.000 0.000 0.000 0.000 0.000 0.000 0.000 0.000 0.000 0.000 0.000 -0.000 0.000 0.000 0.000 0.000 0.000 0.000
-0.000 1.000 0.000 0.001 0.000 0.000 0.000 0.001 0.000 0.001 0.000 0.001 0.001 0.001 0.001 0.000 0.001 0.001 0.000 0.000
0.000 0.000 1.000 0.001 0.002 0.002 0.002 0.002 0.002 0.002 0.002 0.001 0.002 0.000 0.002 0.002 0.001 0.001 0.002 0.002
0.000 0.001 0.001 1.000 -0.002 -0.002 -0.002 -0.009 0.001 -0.008 -0.003 -0.015 -0.005 -0.038 -0.008 -0.003 -0.013 -0.015 -0.003 -0.003
0.000 0.000 0.002 -0.002 1.000 -0.015 -0.016 -0.029 -0.010 -0.028 -0.017 -0.041 -0.020 -0.086 -0.027 -0.016 -0.038 -0.041 -0.017 -0.017
0.000 0.000 0.002 -0.002 -0.015 1.000 -0.008 -0.007 -0.009 -0.008 -0.008 -0.007 -0.008 -0.003 -0.008 -0.008 -0.007 -0.007 -0.008 -0.008
0.000 0.000 0.002 -0.002 -0.016 -0.008 1.000 0.005 0.007 0.005 0.006 0.004 0.006 -0.001 0.005 0.006 0.004 0.004 0.006 0.006
0.000 0.001 0.002 -0.009 -0.029 -0.007 0.005 1.001 0.005 0.001 0.003 -0.001 0.002 -0.010 0.001 0.003 -0.001 -0.001 0.003 0.003
0.000 0.000 0.002 0.001 -0.010 -0.009 0.007 0.005 1.000 0.001 0.001 0.001 0.001 0.002 0.001 0.001 0.001 0.001 0.001 0.001
0.000 0.001 0.002 -0.008 -0.028 -0.008 0.005 0.001 0.001 1.001 0.016 0.031 0.018 0.057 0.022 0.015 0.028 0.030 0.015 0.015
0.000 0.000 0.002 -0.003 -0.017 -0.008 0.006 0.003 0.001 0.016 1.001 -0.001 -0.002 0.000 -0.002 -0.002 -0.001 -0.001 -0.002 -0.002
0.000 0.001 0.001 -0.015 -0.041 -0.007 0.004 -0.001 0.001 0.031 -0.001 1.003 0.002 0.004 0.002 0.002 0.002 0.003 0.002 0.002
0.000 0.001 0.002 -0.005 -0.020 -0.008 0.006 0.002 0.001 0.018 -0.002 0.002 1.001 0.013 0.007 0.006 0.008 0.009 0.006 0.006
-0.000 0.001 0.000 -0.038 -0.086 -0.003 -0.001 -0.010 0.002 0.057 0.000 0.004 0.013 1.012 0.007 -0.001 0.014 0.016 -0.000 -0.000
0.000 0.001 0.002 -0.008 -0.027 -0.008 0.005 0.001 0.001 0.022 -0.002 0.002 0.007 0.007 1.001 -0.024 -0.036 -0.038 -0.024 -0.024
0.000 0.000 0.002 -0.003 -0.016 -0.008 0.006 0.003 0.001 0.015 -0.002 0.002 0.006 -0.001 -0.024 1.001 0.032 0.033 0.022 0.022
0.000 0.001 0.001 -0.013 -0.038 -0.007 0.004 -0.001 0.001 0.028 -0.001 0.002 0.008 0.014 -0.036 0.032 1.005 0.013 0.016 0.016
0.000 0.001 0.001 -0.015 -0.041 -0.007 0.004 -0.001 0.001 0.030 -0.001 0.003 0.009 0.016 -0.038 0.033 0.013 1.006 0.008 0.008
0.000 0.000 0.002 -0.003 -0.017 -0.008 0.006 0.003 0.001 0.015 -0.002 0.002 0.006 -0.000 -0.024 0.022 0.016 0.008 1.002 -0.003
0.000 0.000 0.002 -0.003 -0.017 -0.008 0.006 0.003 0.001 0.015 -0.002 0.002 0.006 -0.000 -0.024 0.022 0.016 0.008 -0.003 1.002
