1.000 -0.825 -0.624 -0.525 -0.503 -0.447 -0.351 -0.424 -0.285 -0.407 -0.468 -0.409 -0.282 -0.366 -0.349 -0.478 -0.219 -0.137 -0.080 0.083 -0.115 -0.208 -0.127 -0.237 -0.384 -0.513 -0.250 -0.541 -0.521 -0.486
-0.825 1.680 0.286 0.201 0.181 0.133 0.051 0.114 -0.006 0.099 0.152 0.101 -0.008 0.064 0.049 0.160 -0.062 -0.133 -0.182 -0.323 -0.152 -0.072 -0.142 -0.047 0.079 0.190 -0.035 0.215 0.197 0.167
-0.624 0.286 1.442 0.305 0.292 0.258 0.199 0.244 0.158 0.233 0.270 0.235 0.156 0.208 0.198 0.277 0.118 0.068 0.032 -0.068 0.054 0.111 0.061 0.129 0.219 0.298 0.137 0.315 0.303 0.281
-0.525 0.201 0.305 1.335 0.273 0.244 0.195 0.232 0.161 0.224 0.255 0.225 0.159 0.203 0.194 0.260 0.127 0.085 0.055 -0.029 0.073 0.121 0.079 0.136 0.211 0.278 0.143 0.293 0.282 0.264
-0.503 0.181 0.292 0.273 1.315 0.255 0.208 0.244 0.175 0.236 0.266 0.237 0.174 0.216 0.207 0.271 0.142 0.102 0.073 -0.008 0.090 0.137 0.096 0.151 0.224 0.288 0.158 0.302 0.292 0.275
-0.447 0.133 0.258 0.244 0.255 1.264 0.167 0.199 0.138 0.192 0.219 0.193 0.136 0.174 0.166 0.223 0.108 0.072 0.047 -0.026 0.062 0.104 0.067 0.116 0.181 0.239 0.122 0.251 0.242 0.227
-0.351 0.051 0.199 0.195 0.208 0.167 1.192 0.109 0.062 0.103 0.124 0.104 0.061 0.089 0.083 0.127 0.039 0.012 -0.008 -0.063 0.004 0.036 0.008 0.045 0.095 0.139 0.050 0.149 0.142 0.130
-0.424 0.114 0.244 0.232 0.244 0.199 0.109 1.259 0.160 0.212 0.238 0.213 0.158 0.195 0.187 0.242 0.131 0.096 0.072 0.001 0.086 0.127 0.092 0.139 0.202 0.257 0.145 0.270 0.261 0.246
-0.285 -0.006 0.158 0.161 0.175 0.138 0.062 0.160 1.165 0.296 0.312 0.296 0.263 0.285 0.280 0.314 0.246 0.225 0.210 0.167 0.219 0.243 0.222 0.251 0.289 0.323 0.254 0.331 0.326 0.316
-0.407 0.099 0.233 0.224 0.236 0.192 0.103 0.212 0.296 1.257 0.316 0.292 0.242 0.275 0.268 0.320 0.217 0.184 0.161 0.097 0.175 0.213 0.180 0.224 0.282 0.334 0.229 0.345 0.337 0.323
-0.468 0.152 0.270 0.255 0.266 0.219 0.124 0.238 0.312 0.316 1.310 0.265 0.207 0.246 0.238 0.296 0.178 0.141 0.115 0.040 0.131 0.173 0.136 0.187 0.253 0.312 0.193 0.325 0.316 0.300
-0.409 0.101 0.235 0.225 0.237 0.193 0.104 0.213 0.296 0.292 0.265 1.260 0.272 0.306 0.299 0.350 0.247 0.215 0.192 0.127 0.206 0.243 0.211 0.255 0.313 0.364 0.260 0.375 0.367 0.353
-0.282 -0.008 0.156 0.159 0.174 0.136 0.061 0.158 0.263 0.242 0.207 0.272 1.178 0.169 0.164 0.199 0.129 0.106 0.091 0.046 0.100 0.126 0.103 0.133 0.173 0.208 0.137 0.216 0.210 0.201
-0.366 0.064 0.208 0.203 0.216 0.174 0.089 0.195 0.285 0.275 0.246 0.306 0.169 1.233 0.210 0.257 0.164 0.135 0.114 0.056 0.127 0.160 0.131 0.170 0.223 0.269 0.175 0.279 0.272 0.259
-0.349 0.049 0.198 0.194 0.207 0.166 0.083 0.187 0.280 0.268 0.238 0.299 0.164 0.210 1.221 0.269 0.182 0.155 0.135 0.080 0.147 0.178 0.151 0.188 0.237 0.281 0.193 0.290 0.284 0.272
-0.478 0.160 0.277 0.260 0.271 0.223 0.127 0.242 0.314 0.320 0.296 0.350 0.199 0.257 0.269 1.325 0.017 -0.021 -0.048 -0.123 -0.032 0.012 -0.026 0.025 0.093 0.153 0.031 0.166 0.157 0.140
-0.219 -0.062 0.118 0.127 0.142 0.108 0.039 0.131 0.246 0.217 0.178 0.247 0.129 0.164 0.182 0.017 1.184 0.129 0.117 0.084 0.125 0.144 0.127 0.150 0.179 0.206 0.152 0.212 0.207 0.200
-0.137 -0.133 0.068 0.085 0.102 0.072 0.012 0.096 0.225 0.184 0.141 0.215 0.106 0.135 0.155 -0.021 0.129 1.158 -0.016 -0.038 -0.011 0.002 -0.009 0.006 0.026 0.044 0.008 0.048 0.045 0.040
-0.080 -0.182 0.032 0.055 0.073 0.047 -0.008 0.072 0.210 0.161 0.115 0.192 0.091 0.114 0.135 -0.048 0.117 -0.016 1.175 0.036 0.051 0.058 0.052 0.060 0.071 0.081 0.061 0.083 0.081 0.079
0.083 -0.323 -0.068 -0.029 -0.008 -0.026 -0.063 0.001 0.167 0.097 0.040 0.127 0.046 0.056 0.080 -0.123 0.084 -0.038 0.036 1.195 0.344 0.335 0.343 0.333 0.319 0.308 0.331 0.305 0.307 0.310
-0.115 -0.152 0.054 0.073 0.090 0.062 0.004 0.086 0.219 0.175 0.131 0.206 0.100 0.127 0.147 -0.032 0.125 -0.011 0.051 0.344 1.225 0.374 0.366 0.376 0.390 0.402 0.378 0.405 0.403 0.400
-0.208 -0.072 0.111 0.121 0.137 0.104 0.036 0.127 0.243 0.213 0.173 0.243 0.126 0.160 0.178 0.012 0.144 0.002 0.058 0.335 0.374 1.272 0.210 0.232 0.260 0.285 0.234 0.291 0.287 0.280
-0.127 -0.142 0.061 0.079 0.096 0.067 0.008 0.092 0.222 0.180 0.136 0.211 0.103 0.131 0.151 -0.026 0.127 -0.009 0.052 0.343 0.366 0.210 1.249 0.365 0.381 0.396 0.366 0.399 0.396 0.393
-0.237 -0.047 0.129 0.136 0.151 0.116 0.045 0.139 0.251 0.224 0.187 0.255 0.133 0.170 0.188 0.025 0.150 0.006 0.060 0.333 0.376 0.232 0.365 1.297 0.428 0.458 0.398 0.464 0.459 0.451
-0.384 0.079 0.219 0.211 0.224 0.181 0.095 0.202 0.289 0.282 0.253 0.313 0.173 0.223 0.237 0.093 0.179 0.026 0.071 0.319 0.390 0.260 0.381 0.428 1.394 0.567 0.469 0.578 0.570 0.557
-0.513 0.190 0.298 0.278 0.288 0.239 0.139 0.257 0.323 0.334 0.312 0.364 0.208 0.269 0.281 0.153 0.206 0.044 0.081 0.308 0.402 0.285 0.396 0.458 0.567 1.523 0.272 0.417 0.407 0.390
-0.250 -0.035 0.137 0.143 0.158 0.122 0.050 0.145 0.254 0.229 0.193 0.260 0.137 0.175 0.193 0.031 0.152 0.008 0.061 0.331 0.378 0.234 0.366 0.398 0.469 0.272 1.343 0.471 0.466 0.457
-0.541 0.215 0.315 0.293 0.302 0.251 0.149 0.270 0.331 0.345 0.325 0.375 0.216 0.279 0.290 0.166 0.212 0.048 0.083 0.305 0.405 0.291 0.399 0.464 0.578 0.417 0.471 1.569 0.641 0.622
-0.521 0.197 0.303 0.282 0.292 0.242 0.142 0.261 0.326 0.337 0.316 0.367 0.210 0.272 0.284 0.157 0.207 0.045 0.081 0.307 0.403 0.287 0.396 0.459 0.570 0.407 0.466 0.641 1.555 0.609
-0.486 0.167 0.281 0.264 0.275 0.227 0.130 0.246 0.316 0.323 0.300 0.353 0.201 0.259 0.272 0.140 0.200 0.040 0.079 0.310 0.400 0.280 0.393 0.451 0.557 0.390 0.457 0.622 0.609 1.526
