1.000 -0.008 -0.006 -0.015 -0.006 -0.014 -0.010 -0.013 -0.010 -0.007 -0.008 -0.014 -0.007 -0.007 -0.007 -0.008 -0.014 -0.008 -0.011 -0.008 -0.010 -0.007 -0.008 -0.008 -0.007 -0.008 -0.007 -0.007 -0.009 -0.014
-0.008 1.000 0.012 0.026 0.012 0.175 0.021 0.049 0.021 0.010 0.009 0.074 0.010 0.010 0.010 0.017 0.027 0.010 0.034 0.009 0.022 0.010 0.009 0.009 0.010 0.010 0.010 0.010 0.016 0.024
-0.006 0.012 1.000 0.001 -0.000 -0.005 -0.002 -0.001 -0.003 -0.001 -0.001 -0.001 -0.001 -0.001 -0.001 0.000 0.001 -0.001 -0.001 -0.002 0.000 -0.001 -0.002 -0.001 -0.001 -0.001 -0.001 -0.001 -0.001 0.000
-0.015 0.026 0.001 1.001 -0.009 0.008 0.001 0.002 0.000 -0.002 0.000 0.003 -0.002 -0.002 -0.001 -0.016 -0.014 -0.001 -0.003 -0.000 -0.023 -0.001 0.001 -0.001 -0.002 -0.001 -0.002 -0.003 -0.011 -0.014
-0.006 0.012 -0.000 -0.009 1.000 0.073 0.010 0.020 0.010 0.000 0.000 0.026 0.000 0.000 0.000 -0.002 -0.003 0.000 0.012 0.000 -0.005 0.000 0.001 0.000 0.000 0.000 0.000 0.000 0.000 -0.003
-0.014 0.175 -0.005 0.008 0.073 1.036 0.026 0.053 0.026 0.014 0.014 0.075 0.014 0.014 0.014 0.017 0.021 0.014 0.037 0.014 0.017 0.014 0.014 0.014 0.015 0.014 0.014 0.015 0.018 0.019
-0.010 0.021 -0.002 0.001 0.010 0.026 1.001 -0.010 -0.004 0.005 0.005 -0.007 0.006 0.006 0.005 0.010 0.007 0.005 -0.004 0.005 0.012 0.005 0.005 0.005 0.006 0.005 0.005 0.006 0.006 0.007
-0.013 0.049 -0.001 0.002 0.020 0.053 -0.010 1.005 -0.012 0.006 0.005 -0.074 0.006 0.006 0.005 0.012 0.008 0.006 -0.028 0.005 0.017 0.005 0.004 0.005 0.006 0.005 0.006 0.006 0.007 0.012
-0.010 0.021 -0.003 0.000 0.010 0.026 -0.004 -0.012 1.001 0.008 0.008 0.009 0.008 0.008 0.008 0.022 0.041 0.009 0.015 0.008 0.036 0.008 0.007 0.008 0.009 0.009 0.009 0.009 0.021 0.042
-0.007 0.010 -0.001 -0.002 0.000 0.014 0.005 0.006 0.008 1.000 -0.008 -0.033 -0.008 -0.008 -0.008 -0.012 -0.018 -0.008 -0.026 -0.008 -0.017 -0.008 -0.008 -0.008 -0.008 -0.008 -0.009 -0.009 -0.015 -0.016
-0.008 0.009 -0.001 0.000 0.000 0.014 0.005 0.005 0.008 -0.008 1.000 -0.006 -0.001 -0.001 -0.001 0.002 0.003 -0.001 -0.005 -0.002 0.005 -0.001 -0.002 -0.001 -0.001 -0.001 -0.001 -0.001 0.000 0.003
-0.014 0.074 -0.001 0.003 0.026 0.075 -0.007 -0.074 0.009 -0.033 -0.006 1.018 0.009 0.009 0.009 0.005 0.005 0.009 0.041 0.009 -0.001 0.009 0.010 0.009 0.009 0.009 0.009 0.009 0.008 0.002
-0.007 0.010 -0.001 -0.002 0.000 0.014 0.006 0.006 0.008 -0.008 -0.001 0.009 1.001 -0.023 -0.022 -0.023 -0.013 -0.022 -0.023 -0.022 -0.020 -0.023 -0.022 -0.022 -0.023 -0.022 -0.022 -0.023 -0.023 -0.013
-0.007 0.010 -0.001 -0.002 0.000 0.014 0.006 0.006 0.008 -0.008 -0.001 0.009 -0.023 1.001 -0.002 0.001 -0.000 -0.002 -0.010 -0.002 0.003 -0.002 -0.003 -0.002 -0.002 -0.002 -0.002 -0.002 -0.001 0.000
-0.007 0.010 -0.001 -0.001 0.000 0.014 0.005 0.005 0.008 -0.008 -0.001 0.009 -0.022 -0.002 1.001 0.008 0.010 0.002 -0.005 0.002 0.012 0.002 0.002 0.002 0.003 0.002 0.003 0.003 0.005 0.010
-0.008 0.017 0.000 -0.016 -0.002 0.017 0.010 0.012 0.022 -0.012 0.002 0.005 -0.023 0.001 0.008 1.002 0.019 0.008 -0.010 0.007 0.029 0.008 0.006 0.007 0.009 0.008 0.008 0.009 0.014 0.020
-0.014 0.027 0.001 -0.014 -0.003 0.021 0.007 0.008 0.041 -0.018 0.003 0.005 -0.013 -0.000 0.010 0.019 1.004 0.004 0.009 0.004 0.016 0.003 0.004 0.004 0.004 0.004 0.004 0.004 0.009 0.021
-0.008 0.010 -0.001 -0.001 0.000 0.014 0.005 0.006 0.009 -0.008 -0.001 0.009 -0.022 -0.002 0.002 0.008 0.004 1.001 0.012 0.000 0.028 0.001 -0.001 0.001 0.002 0.001 0.002 0.003 0.014 0.028
-0.011 0.034 -0.001 -0.003 0.012 0.037 -0.004 -0.028 0.015 -0.026 -0.005 0.041 -0.023 -0.010 -0.005 -0.010 0.009 0.012 1.006 -0.004 -0.003 -0.004 -0.004 -0.004 -0.004 -0.004 -0.004 -0.004 -0.002 -0.003
-0.008 0.009 -0.002 -0.000 0.000 0.014 0.005 0.005 0.008 -0.008 -0.002 0.009 -0.022 -0.002 0.002 0.007 0.004 0.000 -0.004 1.001 0.030 0.002 0.000 0.002 0.003 0.002 0.003 0.004 0.017 0.027
-0.010 0.022 0.000 -0.023 -0.005 0.017 0.012 0.017 0.036 -0.017 0.005 -0.001 -0.020 0.003 0.012 0.029 0.016 0.028 -0.003 0.030 1.006 0.003 0.003 0.003 0.003 0.003 0.003 0.003 0.005 0.006
-0.007 0.010 -0.001 -0.001 0.000 0.014 0.005 0.005 0.008 -0.008 -0.001 0.009 -0.023 -0.002 0.002 0.008 0.003 0.001 -0.004 0.002 0.003 1.001 -0.003 -0.003 -0.002 -0.002 -0.002 -0.002 0.002 0.006
-0.008 0.009 -0.002 0.001 0.001 0.014 0.005 0.004 0.007 -0.008 -0.002 0.010 -0.022 -0.003 0.002 0.006 0.004 -0.001 -0.004 0.000 0.003 -0.003 1.001 -0.001 0.000 -0.001 -0.000 0.000 0.004 0.007
-0.008 0.009 -0.001 -0.001 0.000 0.014 0.005 0.005 0.008 -0.008 -0.001 0.009 -0.022 -0.002 0.002 0.007 0.004 0.001 -0.004 0.002 0.003 -0.003 -0.001 1.001 -0.005 -0.006 -0.006 -0.005 -0.002 0.001
-0.007 0.010 -0.001 -0.002 0.000 0.015 0.006 0.006 0.009 -0.008 -0.001 0.009 -0.023 -0.002 0.003 0.009 0.004 0.002 -0.004 0.003 0.003 -0.002 0.000 -0.005 1.001 0.001 0.001 0.001 0.004 0.010
-0.008 0.010 -0.001 -0.001 0.000 0.014 0.005 0.005 0.009 -0.008 -0.001 0.009 -0.022 -0.002 0.002 0.008 0.004 0.001 -0.004 0.002 0.003 -0.002 -0.001 -0.006 0.001 1.001 -0.003 -0.002 0.002 0.007
-0.007 0.010 -0.001 -0.002 0.000 0.014 0.005 0.006 0.009 -0.009 -0.001 0.009 -0.022 -0.002 0.003 0.008 0.004 0.002 -0.004 0.003 0.003 -0.002 -0.000 -0.006 0.001 -0.003 1.001 0.048 0.049 0.059
-0.007 0.010 -0.001 -0.003 0.000 0.015 0.006 0.006 0.009 -0.009 -0.001 0.009 -0.023 -0.002 0.003 0.009 0.004 0.003 -0.004 0.004 0.003 -0.002 0.000 -0.005 0.001 -0.002 0.048 1.004 0.013 0.014
-0.009 0.016 -0.001 -0.011 0.000 0.018 0.006 0.007 0.021 -0.015 0.000 0.008 -0.023 -0.001 0.005 0.014 0.009 0.014 -0.002 0.017 0.005 0.002 0.004 -0.002 0.004 0.002 0.049 0.013 1.005 -0.281
-0.014 0.024 0.000 -0.014 -0.003 0.019 0.007 0.012 0.042 -0.016 0.003 0.002 -0.013 0.000 0.010 0.020 0.021 0.028 -0.003 0.027 0.006 0.006 0.007 0.001 0.010 0.007 0.059 0.014 -0.281 1.092
