1.000 -0.002 -0.002 -0.002 0.004 -0.002 -0.002 0.007 0.006 -0.002 0.003 0.001 -0.002 -0.003 -0.002 0.007 -0.002 0.018 -0.002 -0.003
-0.002 1.000 0.001 0.001 0.001 0.001 0.001 0.001 0.001 0.001 0.001 0.001 0.001 0.001 0.001 0.001 0.001 0.002 0.001 0.001
-0.002 0.001 1.000 -0.014 -0.016 -0.014 -0.014 -0.017 -0.017 -0.014 -0.016 -0.015 -0.013 -0.013 -0.014 -0.017 -0.014 -0.022 -0.014 -0.014
-0.002 0.001 -0.014 1.000 0.013 0.012 0.012 0.013 0.013 0.012 0.013 0.013 0.012 0.012 0.012 0.014 0.012 0.015 0.012 0.012
0.004 0.001 -0.016 0.013 1.000 0.001 0.001 0.001 0.001 0.001 0.001 0.001 0.001 0.001 0.001 0.001 0.001 0.000 0.001 0.001
-0.002 0.001 -0.014 0.012 0.001 1.000 0.001 0.001 0.000 0.001 0.000 0.000 0.001 0.001 0.001 0.000 0.001 -0.001 0.001 0.001
-0.002 0.001 -0.014 0.012 0.001 0.001 1.000 0.000 0.000 0.001 0.000 0.000 0.001 0.001 0.001 0.000 0.001 -0.000 0.001 0.001
0.007 0.001 -0.017 0.013 0.001 0.001 0.000 1.001 0.019 0.013 0.017 0.016 0.013 0.013 0.013 0.020 0.014 0.028 0.013 0.013
0.006 0.001 -0.017 0.013 0.001 0.000 0.000 0.019 1.001 -0.005 -0.008 -0.007 -0.005 -0.005 -0.005 -0.010 -0.005 -0.015 -0.005 -0.005
-0.002 0.001 -0.014 0.012 0.001 0.001 0.001 0.013 -0.005 1.001 -0.000 -0.000 -0.000 -0.000 -0.000 -0.000 -0.000 -0.000 -0.000 -0.000
0.003 0.001 -0.016 0.013 0.001 0.000 0.000 0.017 -0.008 -0.000 1.001 -0.012 -0.009 -0.008 -0.009 -0.018 -0.010 -0.029 -0.009 -0.009
0.001 0.001 -0.015 0.013 0.001 0.000 0.000 0.016 -0.007 -0.000 -0.012 1.001 0.005 0.005 0.005 0.007 0.005 0.008 0.005 0.005
-0.002 0.001 -0.013 0.012 0.001 0.001 0.001 0.013 -0.005 -0.000 -0.009 0.005 1.001 0.002 0.002 0.001 0.002 -0.000 0.002 0.002
-0.003 0.001 -0.013 0.012 0.001 0.001 0.001 0.013 -0.005 -0.000 -0.008 0.005 0.002 1.001 -0.016 -0.014 -0.016 -0.010 -0.016 -0.016
-0.002 0.001 -0.014 0.012 0.001 0.001 0.001 0.013 -0.005 -0.000 -0.009 0.005 0.002 -0.016 1.001 0.032 0.017 0.052 0.016 0.015
0.007 0.001 -0.017 0.014 0.001 0.000 0.000 0.020 -0.010 -0.000 -0.018 0.007 0.001 -0.014 0.032 1.003 0.005 0.014 0.005 0.005
-0.002 0.001 -0.014 0.012 0.001 0.001 0.001 0.014 -0.005 -0.000 -0.010 0.005 0.002 -0.016 0.017 0.005 1.001 0.004 0.004 0.004
0.018 0.002 -0.022 0.015 0.000 -0.001 -0.000 0.028 -0.015 -0.000 -0.029 0.008 -0.000 -0.010 0.052 0.014 0.004 1.006 0.009 0.010
-0.002 0.001 -0.014 0.012 0.001 0.001 0.001 0.013 -0.005 -0.000 -0.009 0.005 0.002 -0.016 0.016 0.005 0.004 0.009 1.001 0.005
-0.003 0.001 -0.014 0.012 0.001 0.001 0.001 0.013 -0.005 -0.000 -0.009 0.005 0.002 -0.016 0.015 0.005 0.004 0.010 0.005 1.001
