1.000 0.022 0.021 0.029 0.012 0.019 0.012 0.014 0.014 0.012 0.019 0.017 0.012 0.013 0.019 0.013 0.013 0.015 0.030 0.013
0.022 1.000 0.004 0.005 0.002 0.003 0.002 0.003 0.003 0.002 0.003 0.003 0.002 0.003 0.003 0.003 0.003 0.003 0.005 0.002
0.021 0.004 1.000 0.007 0.002 0.004 0.003 0.003 0.003 0.003 0.004 0.004 0.002 0.003 0.004 0.003 0.003 0.003 0.007 0.003
0.029 0.005 0.007 1.001 -0.004 -0.002 -0.004 -0.004 -0.004 -0.004 -0.002 -0.003 -0.004 -0.004 -0.002 -0.004 -0.004 -0.003 0.001 -0.004
0.012 0.002 0.002 -0.004 1.000 -0.019 -0.005 -0.008 -0.008 -0.005 -0.019 -0.014 -0.004 -0.006 -0.018 -0.005 -0.006 -0.011 -0.042 -0.005
0.019 0.003 0.004 -0.002 -0.019 1.001 0.007 0.007 0.007 0.007 0.008 0.008 0.007 0.007 0.008 0.007 0.007 0.007 0.011 0.007
0.012 0.002 0.003 -0.004 -0.005 0.007 1.000 -0.001 -0.001 -0.001 -0.001 -0.001 -0.001 -0.001 -0.001 -0.001 -0.001 -0.001 -0.001 -0.001
0.014 0.003 0.003 -0.004 -0.008 0.007 -0.001 1.000 0.004 0.004 0.004 0.004 0.004 0.004 0.004 0.004 0.004 0.004 0.002 0.004
0.014 0.003 0.003 -0.004 -0.008 0.007 -0.001 0.004 1.000 -0.011 -0.008 -0.009 -0.011 -0.011 -0.008 -0.011 -0.011 -0.010 -0.004 -0.011
0.012 0.002 0.003 -0.004 -0.005 0.007 -0.001 0.004 -0.011 1.000 -0.011 -0.010 -0.008 -0.008 -0.011 -0.008 -0.008 -0.009 -0.017 -0.008
0.019 0.003 0.004 -0.002 -0.019 0.008 -0.001 0.004 -0.008 -0.011 1.001 0.002 0.003 0.003 0.002 0.003 0.003 0.003 -0.000 0.003
0.017 0.003 0.004 -0.003 -0.014 0.008 -0.001 0.004 -0.009 -0.010 0.002 1.001 0.002 0.002 0.000 0.002 0.001 0.001 -0.002 0.002
0.012 0.002 0.002 -0.004 -0.004 0.007 -0.001 0.004 -0.011 -0.008 0.003 0.002 1.000 0.018 0.024 0.018 0.019 0.021 0.035 0.018
0.013 0.003 0.003 -0.004 -0.006 0.007 -0.001 0.004 -0.011 -0.008 0.003 0.002 0.018 1.001 0.034 0.014 0.014 0.022 0.071 0.014
0.019 0.003 0.004 -0.002 -0.018 0.008 -0.001 0.004 -0.008 -0.011 0.002 0.000 0.024 0.034 1.003 0.002 0.003 0.006 0.028 0.002
0.013 0.003 0.003 -0.004 -0.005 0.007 -0.001 0.004 -0.011 -0.008 0.003 0.002 0.018 0.014 0.002 1.001 -0.007 0.002 0.059 -0.008
0.013 0.003 0.003 -0.004 -0.006 0.007 -0.001 0.004 -0.011 -0.008 0.003 0.001 0.019 0.014 0.003 -0.007 1.001 0.001 -0.004 0.002
0.015 0.003 0.003 -0.003 -0.011 0.007 -0.001 0.004 -0.010 -0.009 0.003 0.001 0.021 0.022 0.006 0.002 0.001 1.002 0.026 0.026
0.030 0.005 0.007 0.001 -0.042 0.011 -0.001 0.002 -0.004 -0.017 -0.000 -0.002 0.035 0.071 0.028 0.059 -0.004 0.026 1.014 -0.006
0.013 0.002 0.003 -0.004 -0.005 0.007 -0.001 0.004 -0.011 -0.008 0.003 0.002 0.018 0.014 0.002 -0.008 0.002 0.026 -0.006 1.002
