1.000 0.263 0.226 0.247 0.229 0.104 0.133 0.290 0.191 0.201 0.231 0.177 0.251 0.111 0.232 0.180 0.244 0.284 0.247 0.252
0.263 1.069 0.138 0.158 0.154 0.045 0.118 0.146 0.144 -0.093 0.135 0.140 0.159 0.083 0.155 0.141 0.157 0.113 0.140 0.160
0.226 0.138 1.057 -0.071 -0.075 -0.016 -0.086 -0.035 -0.083 0.175 -0.054 -0.087 -0.070 -0.059 -0.075 -0.086 -0.072 0.003 -0.052 -0.070
0.247 0.158 -0.071 1.088 0.027 0.013 0.003 0.046 0.017 0.073 0.030 0.013 0.032 0.004 0.027 0.014 0.030 0.053 0.034 0.032
0.229 0.154 -0.075 0.027 1.082 0.017 0.044 0.077 0.062 -0.010 0.064 0.058 0.076 0.030 0.071 0.059 0.074 0.064 0.069 0.076
0.104 0.045 -0.016 0.013 0.017 1.014 0.006 0.036 -0.001 0.120 0.024 -0.003 0.005 0.028 0.002 -0.002 0.004 0.060 0.025 0.005
0.133 0.118 -0.086 0.003 0.044 0.006 1.043 0.059 0.052 -0.001 0.050 0.049 0.060 0.027 0.058 0.050 0.059 0.050 0.054 0.060
0.290 0.146 -0.035 0.046 0.077 0.036 0.059 1.103 0.069 0.032 0.071 0.065 0.086 0.033 0.082 0.066 0.083 0.084 0.078 0.087
0.191 0.144 -0.083 0.017 0.062 -0.001 0.052 0.069 1.067 -0.012 0.060 0.058 0.072 0.030 0.069 0.059 0.071 0.059 0.064 0.073
0.201 -0.093 0.175 0.073 -0.010 0.120 -0.001 0.032 -0.012 1.097 0.185 0.158 0.173 0.167 0.168 0.159 0.173 0.203 0.185 0.173
0.231 0.135 -0.054 0.030 0.064 0.024 0.050 0.071 0.060 0.185 1.103 -0.015 0.002 -0.029 -0.002 -0.015 0.001 0.007 0.001 0.002
0.177 0.140 -0.087 0.013 0.058 -0.003 0.049 0.065 0.058 0.158 -0.015 1.100 0.079 0.046 0.076 0.067 0.078 0.062 0.074 0.079
0.251 0.159 -0.070 0.032 0.076 0.005 0.060 0.086 0.072 0.173 0.002 0.079 1.133 0.070 0.112 0.099 0.115 0.099 0.110 0.117
0.111 0.083 -0.059 0.004 0.030 0.028 0.027 0.033 0.030 0.167 -0.029 0.046 0.070 1.064 0.152 0.149 0.156 0.217 0.182 0.155
0.232 0.155 -0.075 0.027 0.071 0.002 0.058 0.082 0.069 0.168 -0.002 0.076 0.112 0.152 1.129 0.094 0.109 0.090 0.103 0.111
0.180 0.141 -0.086 0.014 0.059 -0.002 0.050 0.066 0.059 0.159 -0.015 0.067 0.099 0.149 0.094 1.108 0.094 0.079 0.090 0.096
0.244 0.157 -0.072 0.030 0.074 0.004 0.059 0.083 0.071 0.173 0.001 0.078 0.115 0.156 0.109 0.094 1.136 0.153 0.149 0.142
0.284 0.113 0.003 0.053 0.064 0.060 0.050 0.084 0.059 0.203 0.007 0.062 0.099 0.217 0.090 0.079 0.153 1.147 0.123 0.121
0.247 0.140 -0.052 0.034 0.069 0.025 0.054 0.078 0.064 0.185 0.001 0.074 0.110 0.182 0.103 0.090 0.149 0.123 1.134 0.082
0.252 0.160 -0.070 0.032 0.076 0.005 0.060 0.087 0.073 0.173 0.002 0.079 0.117 0.155 0.111 0.096 0.142 0.121 0.082 1.143
