1.000 -0.592 -0.482 -0.842 -0.571 -0.678 -0.609 -0.560 -0.550 -0.563 -0.572 -0.581 -0.593 -0.589 -0.584 -0.539 -0.573 -0.490 -0.556 -0.614 -0.601 -0.617 -0.585 -0.572 -0.600 -0.645 -0.555 -0.570 -0.585 -0.749
-0.592 1.351 0.265 0.413 0.329 0.391 0.352 0.322 0.316 0.323 0.329 0.335 0.341 0.336 0.337 0.308 0.330 0.281 0.319 0.347 0.347 0.331 0.337 0.324 0.347 0.364 0.319 0.328 0.336 0.398
-0.482 0.265 1.233 0.615 0.311 0.361 0.328 0.305 0.301 0.308 0.311 0.316 0.323 0.324 0.316 0.298 0.311 0.274 0.305 0.346 0.324 0.392 0.317 0.321 0.324 0.363 0.303 0.309 0.318 0.482
-0.842 0.413 0.615 1.759 0.439 0.525 0.469 0.430 0.422 0.438 0.439 0.447 0.461 0.460 0.449 0.418 0.442 0.374 0.431 0.482 0.462 0.503 0.451 0.448 0.462 0.508 0.426 0.441 0.454 0.614
-0.571 0.329 0.311 0.439 1.330 0.374 0.340 0.312 0.306 0.308 0.319 0.324 0.325 0.320 0.326 0.295 0.318 0.273 0.306 0.331 0.335 0.320 0.325 0.308 0.335 0.347 0.309 0.314 0.321 0.391
-0.678 0.391 0.361 0.525 0.374 1.464 0.418 0.386 0.379 0.390 0.393 0.400 0.409 0.407 0.401 0.373 0.395 0.340 0.385 0.423 0.412 0.427 0.403 0.396 0.412 0.443 0.382 0.394 0.404 0.513
-0.609 0.352 0.328 0.469 0.340 0.418 1.375 0.343 0.337 0.345 0.350 0.356 0.362 0.360 0.357 0.330 0.351 0.301 0.341 0.376 0.367 0.393 0.358 0.350 0.367 0.395 0.340 0.349 0.358 0.477
-0.560 0.322 0.305 0.430 0.312 0.386 0.343 1.317 0.308 0.316 0.320 0.325 0.332 0.330 0.327 0.302 0.321 0.275 0.312 0.343 0.336 0.349 0.327 0.321 0.336 0.361 0.311 0.319 0.327 0.422
-0.550 0.316 0.301 0.422 0.306 0.379 0.337 0.308 1.306 0.309 0.313 0.318 0.325 0.323 0.319 0.296 0.314 0.269 0.305 0.337 0.329 0.344 0.320 0.315 0.328 0.354 0.304 0.312 0.321 0.414
-0.563 0.323 0.308 0.438 0.308 0.390 0.345 0.316 0.309 1.320 0.319 0.323 0.317 0.308 0.325 0.288 0.315 0.274 0.299 0.315 0.334 0.289 0.324 0.294 0.334 0.329 0.310 0.309 0.313 0.357
-0.572 0.329 0.311 0.439 0.319 0.393 0.350 0.320 0.313 0.319 1.331 0.344 0.352 0.349 0.346 0.321 0.340 0.293 0.331 0.363 0.355 0.367 0.346 0.340 0.355 0.381 0.329 0.338 0.347 0.441
-0.581 0.335 0.316 0.447 0.324 0.400 0.356 0.325 0.318 0.323 0.344 1.342 0.399 0.403 0.380 0.367 0.379 0.326 0.376 0.422 0.390 0.457 0.384 0.397 0.390 0.444 0.363 0.382 0.394 0.534
-0.593 0.341 0.323 0.461 0.325 0.409 0.362 0.332 0.325 0.317 0.352 0.399 1.359 0.360 0.347 0.326 0.343 0.292 0.336 0.376 0.357 0.397 0.349 0.352 0.357 0.397 0.330 0.343 0.354 0.475
-0.589 0.336 0.324 0.460 0.320 0.407 0.360 0.330 0.323 0.308 0.349 0.403 0.360 1.355 0.326 0.292 0.317 0.274 0.302 0.326 0.336 0.300 0.325 0.303 0.335 0.341 0.310 0.312 0.318 0.371
-0.584 0.337 0.316 0.449 0.326 0.401 0.357 0.327 0.319 0.325 0.346 0.380 0.347 0.326 1.347 0.345 0.363 0.314 0.355 0.391 0.377 0.395 0.369 0.367 0.377 0.409 0.351 0.362 0.372 0.471
-0.539 0.308 0.298 0.418 0.295 0.373 0.330 0.302 0.296 0.288 0.321 0.367 0.326 0.292 0.345 1.299 0.294 0.251 0.286 0.322 0.308 0.336 0.300 0.299 0.307 0.339 0.284 0.292 0.302 0.411
-0.573 0.330 0.311 0.442 0.318 0.395 0.351 0.321 0.314 0.315 0.340 0.379 0.343 0.317 0.363 0.294 1.336 0.308 0.339 0.355 0.375 0.320 0.363 0.334 0.374 0.371 0.347 0.349 0.355 0.379
-0.490 0.281 0.274 0.374 0.273 0.340 0.301 0.275 0.269 0.274 0.293 0.326 0.292 0.274 0.314 0.251 0.308 1.248 0.312 0.362 0.320 0.430 0.315 0.339 0.320 0.385 0.295 0.316 0.329 0.504
-0.556 0.319 0.305 0.431 0.306 0.385 0.341 0.312 0.305 0.299 0.331 0.376 0.336 0.302 0.355 0.286 0.339 0.312 1.319 0.346 0.348 0.348 0.338 0.323 0.347 0.365 0.320 0.327 0.335 0.417
-0.614 0.347 0.346 0.482 0.331 0.423 0.376 0.343 0.337 0.315 0.363 0.422 0.376 0.326 0.391 0.322 0.355 0.362 0.346 1.393 0.368 0.401 0.359 0.354 0.368 0.403 0.339 0.349 0.360 0.487
-0.601 0.347 0.324 0.462 0.335 0.412 0.367 0.336 0.329 0.334 0.355 0.390 0.357 0.336 0.377 0.308 0.375 0.320 0.348 0.368 1.369 0.407 0.367 0.365 0.376 0.413 0.347 0.360 0.371 0.486
-0.617 0.331 0.392 0.503 0.320 0.427 0.393 0.349 0.344 0.289 0.367 0.457 0.397 0.300 0.395 0.336 0.320 0.430 0.348 0.401 0.407 1.430 0.334 0.342 0.343 0.391 0.314 0.328 0.341 0.489
-0.585 0.337 0.317 0.451 0.325 0.403 0.358 0.327 0.320 0.324 0.346 0.384 0.349 0.325 0.369 0.300 0.363 0.315 0.338 0.359 0.367 0.334 1.352 0.338 0.366 0.381 0.338 0.343 0.351 0.440
-0.572 0.324 0.321 0.448 0.308 0.396 0.350 0.321 0.315 0.294 0.340 0.397 0.352 0.303 0.367 0.299 0.334 0.339 0.323 0.354 0.365 0.342 0.338 1.344 0.389 0.416 0.362 0.372 0.381 0.477
-0.600 0.347 0.324 0.462 0.335 0.412 0.367 0.336 0.328 0.334 0.355 0.390 0.357 0.335 0.377 0.307 0.374 0.320 0.347 0.368 0.376 0.343 0.366 0.389 1.371 0.361 0.285 0.302 0.314 0.442
-0.645 0.364 0.363 0.508 0.347 0.443 0.395 0.361 0.354 0.329 0.381 0.444 0.397 0.341 0.409 0.339 0.371 0.385 0.365 0.403 0.413 0.391 0.381 0.416 0.361 1.438 0.369 0.382 0.394 0.521
-0.555 0.319 0.303 0.426 0.309 0.382 0.340 0.311 0.304 0.310 0.329 0.363 0.330 0.310 0.351 0.284 0.347 0.295 0.320 0.339 0.347 0.314 0.338 0.362 0.285 0.369 1.322 0.376 0.381 0.439
-0.570 0.328 0.309 0.441 0.314 0.394 0.349 0.319 0.312 0.309 0.338 0.382 0.343 0.312 0.362 0.292 0.349 0.316 0.327 0.349 0.360 0.328 0.343 0.372 0.302 0.382 0.376 1.341 0.380 0.476
-0.585 0.336 0.318 0.454 0.321 0.404 0.358 0.327 0.321 0.313 0.347 0.394 0.354 0.318 0.372 0.302 0.355 0.329 0.335 0.360 0.371 0.341 0.351 0.381 0.314 0.394 0.381 0.380 1.360 0.519
-0.749 0.398 0.482 0.614 0.391 0.513 0.477 0.422 0.414 0.357 0.441 0.534 0.475 0.371 0.471 0.411 0.379 0.504 0.417 0.487 0.486 0.489 0.440 0.477 0.442 0.521 0.439 0.476 0.519 1.629
