1.000 -0.001 -0.003 -0.002 -0.000 -0.003 -0.002 0.001 0.000 0.001 0.001 -0.016 -0.003 -0.003 -0.001 -0.002 0.001 -0.002 -0.003 0.000 -0.003 -0.001 0.001 -0.002 -0.002 -0.001 0.001 -0.002 -0.002 -0.013
-0.001 1.000 0.064 0.064 0.060 0.064 0.064 0.061 0.062 0.060 0.061 0.055 0.064 0.064 0.064 0.064 0.061 0.064 0.064 0.059 0.064 0.062 0.058 0.064 0.064 0.058 0.061 0.064 0.064 0.054
-0.003 0.064 1.004 0.009 0.105 0.047 0.029 0.025 0.004 -0.015 0.007 0.092 0.019 0.067 -0.054 0.012 -0.036 -0.017 0.031 0.051 0.004 0.062 0.029 0.003 0.001 -0.033 -0.065 -0.001 0.038 0.027
-0.002 0.064 0.009 1.004 0.043 0.043 0.043 0.043 0.043 0.043 0.043 0.033 0.043 0.043 0.043 0.043 0.043 0.043 0.043 0.042 0.043 0.043 0.042 0.043 0.043 0.041 0.043 0.043 0.043 0.034
-0.000 0.060 0.105 0.043 1.015 0.017 0.015 0.012 0.010 0.007 0.010 0.016 0.014 0.019 0.006 0.014 0.006 0.011 0.016 0.013 0.013 0.017 0.009 0.013 0.013 0.003 0.003 0.012 0.016 0.009
-0.003 0.064 0.047 0.043 0.017 1.007 0.055 0.053 0.053 0.051 0.053 0.045 0.055 0.057 0.053 0.055 0.051 0.054 0.056 0.052 0.055 0.056 0.050 0.055 0.055 0.048 0.051 0.055 0.056 0.043
-0.002 0.064 0.029 0.043 0.015 0.055 1.009 -0.009 -0.009 -0.011 -0.009 -0.016 -0.006 -0.005 -0.009 -0.007 -0.011 -0.008 -0.006 -0.010 -0.007 -0.006 -0.012 -0.007 -0.007 -0.014 -0.011 -0.007 -0.006 -0.018
0.001 0.061 0.025 0.043 0.012 0.053 -0.009 1.008 -0.023 -0.024 -0.024 -0.012 -0.021 -0.020 -0.023 -0.021 -0.024 -0.022 -0.021 -0.023 -0.021 -0.022 -0.024 -0.022 -0.021 -0.024 -0.025 -0.022 -0.021 -0.015
0.000 0.062 0.004 0.043 0.010 0.053 -0.009 -0.023 1.009 0.008 0.008 0.004 0.004 0.005 0.004 0.004 0.007 0.004 0.004 0.010 0.004 0.007 0.011 0.004 0.004 0.009 0.007 0.004 0.005 0.006
0.001 0.060 -0.015 0.043 0.007 0.051 -0.011 -0.024 0.008 1.009 -0.027 -0.019 -0.032 -0.033 -0.030 -0.032 -0.027 -0.032 -0.033 -0.025 -0.032 -0.030 -0.023 -0.032 -0.032 -0.022 -0.027 -0.032 -0.032 -0.017
0.001 0.061 0.007 0.043 0.010 0.053 -0.009 -0.024 0.008 -0.027 1.010 0.083 0.038 0.038 0.039 0.038 0.045 0.038 0.037 0.052 0.037 0.042 0.056 0.038 0.038 0.057 0.045 0.038 0.039 0.081
-0.016 0.055 0.092 0.033 0.016 0.045 -0.016 -0.012 0.004 -0.019 0.083 1.021 -0.033 -0.028 -0.035 -0.032 -0.012 -0.036 -0.034 0.012 -0.036 -0.013 0.020 -0.034 -0.035 0.013 -0.016 -0.032 -0.026 0.037
-0.003 0.064 0.019 0.043 0.014 0.055 -0.006 -0.021 0.004 -0.032 0.038 -0.033 1.014 0.073 0.072 0.073 0.064 0.073 0.074 0.058 0.074 0.069 0.054 0.073 0.073 0.052 0.065 0.073 0.072 0.033
-0.003 0.064 0.067 0.043 0.019 0.057 -0.005 -0.020 0.005 -0.033 0.038 -0.028 0.073 1.021 0.019 0.025 0.001 0.025 0.030 -0.013 0.027 0.016 -0.025 0.026 0.026 -0.031 0.001 0.025 0.024 -0.080
-0.001 0.064 -0.054 0.043 0.006 0.053 -0.009 -0.023 0.004 -0.030 0.039 -0.035 0.072 0.019 1.020 0.058 0.053 0.060 0.058 0.043 0.059 0.051 0.041 0.059 0.059 0.044 0.055 0.058 0.056 0.028
-0.002 0.064 0.012 0.043 0.014 0.055 -0.007 -0.021 0.004 -0.032 0.038 -0.032 0.073 0.025 0.058 1.019 0.065 0.080 0.082 0.051 0.081 0.071 0.045 0.080 0.081 0.043 0.066 0.079 0.077 0.010
0.001 0.061 -0.036 0.043 0.006 0.051 -0.011 -0.024 0.007 -0.027 0.045 -0.012 0.064 0.001 0.053 0.065 1.020 0.053 0.052 0.057 0.053 0.052 0.059 0.053 0.053 0.062 0.057 0.053 0.052 0.073
-0.002 0.064 -0.017 0.043 0.011 0.054 -0.008 -0.022 0.004 -0.032 0.038 -0.036 0.073 0.025 0.060 0.080 0.053 1.024 0.001 0.003 0.002 0.002 0.003 0.002 0.002 0.004 0.003 0.002 0.002 0.004
-0.003 0.064 0.031 0.043 0.016 0.056 -0.006 -0.021 0.004 -0.033 0.037 -0.034 0.074 0.030 0.058 0.082 0.052 0.001 1.026 -0.021 -0.039 -0.032 -0.018 -0.038 -0.038 -0.018 -0.031 -0.038 -0.036 0.005
0.000 0.059 0.051 0.042 0.013 0.052 -0.010 -0.023 0.010 -0.025 0.052 0.012 0.058 -0.013 0.043 0.051 0.057 0.003 -0.021 1.022 0.090 0.088 0.070 0.089 0.089 0.066 0.076 0.088 0.090 0.049
-0.003 0.064 0.004 0.043 0.013 0.055 -0.007 -0.021 0.004 -0.032 0.037 -0.036 0.074 0.027 0.059 0.081 0.053 0.002 -0.039 0.090 1.033 -0.036 -0.027 -0.037 -0.037 -0.026 -0.032 -0.037 -0.037 -0.012
-0.001 0.062 0.062 0.043 0.017 0.056 -0.006 -0.022 0.007 -0.030 0.042 -0.013 0.069 0.016 0.051 0.071 0.052 0.002 -0.032 0.088 -0.036 1.036 -0.001 -0.003 -0.003 -0.005 -0.006 -0.003 -0.001 -0.006
0.001 0.058 0.029 0.042 0.009 0.050 -0.012 -0.024 0.011 -0.023 0.056 0.020 0.054 -0.025 0.041 0.045 0.059 0.003 -0.018 0.070 -0.027 -0.001 1.026 0.010 0.010 -0.013 0.001 0.010 0.012 -0.056
-0.002 0.064 0.003 0.043 0.013 0.055 -0.007 -0.022 0.004 -0.032 0.038 -0.034 0.073 0.026 0.059 0.080 0.053 0.002 -0.038 0.089 -0.037 -0.003 0.010 1.039 -0.118 -0.151 -0.136 -0.120 -0.122 -0.150
-0.002 0.064 0.001 0.043 0.013 0.055 -0.007 -0.021 0.004 -0.032 0.038 -0.035 0.073 0.026 0.059 0.081 0.053 0.002 -0.038 0.089 -0.037 -0.003 0.010 -0.118 1.065 0.010 -0.001 -0.008 -0.007 0.030
-0.001 0.058 -0.033 0.041 0.003 0.048 -0.014 -0.024 0.009 -0.022 0.057 0.013 0.052 -0.031 0.044 0.043 0.062 0.004 -0.018 0.066 -0.026 -0.005 -0.013 -0.151 0.010 1.062 -0.064 -0.067 -0.073 -0.059
0.001 0.061 -0.065 0.043 0.003 0.051 -0.011 -0.025 0.007 -0.027 0.045 -0.016 0.065 0.001 0.055 0.066 0.057 0.003 -0.031 0.076 -0.032 -0.006 0.001 -0.136 -0.001 -0.064 1.086 0.211 0.207 0.269
-0.002 0.064 -0.001 0.043 0.012 0.055 -0.007 -0.022 0.004 -0.032 0.038 -0.032 0.073 0.025 0.058 0.079 0.053 0.002 -0.038 0.088 -0.037 -0.003 0.010 -0.120 -0.008 -0.067 0.211 1.102 0.154 0.148
-0.002 0.064 0.038 0.043 0.016 0.056 -0.006 -0.021 0.005 -0.032 0.039 -0.026 0.072 0.024 0.056 0.077 0.052 0.002 -0.036 0.090 -0.037 -0.001 0.012 -0.122 -0.007 -0.073 0.207 0.154 1.106 -0.010
-0.013 0.054 0.027 0.034 0.009 0.043 -0.018 -0.015 0.006 -0.017 0.081 0.037 0.033 -0.080 0.028 0.010 0.073 0.004 0.005 0.049 -0.012 -0.006 -0.056 -0.150 0.030 -0.059 0.269 0.148 -0.010 1.134
