1.000 -0.355 -0.349 -0.353 -0.347 -0.350 -0.259 -0.362 -0.354 -0.334 -0.344 -0.357 -0.384 -0.337 -0.352 -0.347 -0.353 -0.347 -0.352 -0.352 -0.353 -0.364 -0.374 -0.353 -0.354 -0.350 -0.424 -0.356 -0.349 -0.354 -0.345 -0.352 -0.331 -0.354 -0.349 -0.357 -0.358 -0.350 -0.350 -0.345 -0.356 -0.355 -0.354 -0.350 -0.334 -0.362 -0.354 -0.356 -0.351 -0.348
-0.355 1.126 0.060 0.061 0.059 0.061 0.009 0.064 0.062 0.047 0.058 0.063 0.067 0.052 0.061 0.059 0.062 0.059 0.061 0.061 0.062 0.063 0.061 0.060 0.059 0.061 0.076 0.062 0.060 0.062 0.058 0.061 0.049 0.062 0.060 0.063 0.062 0.060 0.055 0.058 0.062 0.061 0.061 0.059 0.047 0.063 0.061 0.062 0.060 0.060
-0.349 0.060 1.126 0.061 0.059 0.060 0.004 0.064 0.061 0.047 0.058 0.062 0.066 0.052 0.060 0.059 0.061 0.059 0.061 0.061 0.061 0.063 0.061 0.060 0.059 0.060 0.074 0.062 0.060 0.061 0.058 0.061 0.048 0.061 0.060 0.062 0.061 0.060 0.055 0.058 0.062 0.061 0.060 0.059 0.046 0.063 0.061 0.062 0.060 0.060
-0.353 0.061 0.061 1.133 0.097 0.098 0.095 0.102 0.100 0.110 0.096 0.100 0.123 0.106 0.101 0.098 0.099 0.097 0.099 0.100 0.100 0.110 0.124 0.106 0.109 0.098 0.143 0.100 0.098 0.100 0.102 0.099 0.106 0.099 0.098 0.100 0.107 0.098 0.113 0.102 0.100 0.106 0.105 0.103 0.111 0.107 0.101 0.100 0.100 0.098
-0.347 0.059 0.059 0.097 1.130 0.108 0.095 0.111 0.109 0.113 0.106 0.110 0.127 0.111 0.110 0.108 0.109 0.107 0.109 0.109 0.109 0.116 0.126 0.113 0.114 0.108 0.145 0.110 0.108 0.109 0.109 0.109 0.110 0.109 0.108 0.110 0.114 0.108 0.117 0.110 0.110 0.113 0.112 0.110 0.114 0.115 0.110 0.110 0.109 0.108
-0.350 0.061 0.060 0.098 0.108 1.133 0.033 0.083 0.081 0.069 0.078 0.082 0.087 0.073 0.080 0.079 0.081 0.079 0.081 0.080 0.081 0.083 0.083 0.080 0.079 0.080 0.097 0.082 0.080 0.081 0.078 0.081 0.070 0.081 0.080 0.082 0.081 0.080 0.076 0.078 0.082 0.081 0.080 0.079 0.069 0.083 0.081 0.082 0.080 0.080
-0.259 0.009 0.004 0.095 0.095 0.033 1.087 0.066 0.024 -0.117 -0.029 0.038 0.118 -0.108 -0.005 -0.017 0.021 -0.016 0.011 0.004 0.018 0.032 0.051 -0.019 -0.020 0.005 0.262 0.033 -0.005 0.021 -0.053 0.009 -0.120 0.022 -0.005 0.042 0.004 0.001 -0.054 -0.049 0.033 -0.003 -0.012 -0.019 -0.110 0.042 0.013 0.034 -0.005 -0.009
-0.362 0.064 0.064 0.102 0.111 0.083 0.066 1.146 0.109 0.127 0.107 0.110 0.132 0.120 0.112 0.109 0.109 0.108 0.109 0.110 0.110 0.120 0.135 0.117 0.120 0.109 0.152 0.110 0.109 0.110 0.113 0.109 0.121 0.109 0.108 0.110 0.118 0.108 0.126 0.114 0.110 0.117 0.115 0.114 0.129 0.117 0.112 0.109 0.111 0.108
-0.354 0.062 0.061 0.100 0.109 0.081 0.024 0.109 1.147 0.131 0.110 0.110 0.127 0.125 0.114 0.111 0.110 0.110 0.110 0.111 0.111 0.120 0.133 0.120 0.122 0.110 0.138 0.110 0.111 0.111 0.117 0.110 0.126 0.110 0.110 0.110 0.119 0.110 0.129 0.117 0.110 0.119 0.117 0.116 0.132 0.116 0.113 0.110 0.113 0.111
-0.334 0.047 0.047 0.110 0.113 0.069 -0.117 0.127 0.131 1.175 0.248 0.237 0.196 0.229 0.237 0.243 0.239 0.245 0.241 0.240 0.239 0.219 0.201 0.227 0.222 0.242 0.177 0.238 0.243 0.238 0.237 0.241 0.225 0.240 0.244 0.237 0.225 0.242 0.217 0.235 0.237 0.227 0.231 0.233 0.218 0.224 0.236 0.239 0.238 0.243
-0.344 0.058 0.058 0.096 0.106 0.078 -0.029 0.107 0.110 0.248 1.160 0.129 0.134 0.143 0.133 0.132 0.130 0.132 0.130 0.131 0.130 0.134 0.139 0.137 0.138 0.131 0.132 0.129 0.131 0.130 0.137 0.131 0.143 0.130 0.131 0.129 0.135 0.131 0.142 0.137 0.129 0.135 0.135 0.135 0.145 0.132 0.132 0.129 0.132 0.132
-0.357 0.063 0.062 0.100 0.110 0.082 0.038 0.110 0.110 0.237 0.129 1.156 0.150 0.142 0.134 0.131 0.131 0.130 0.130 0.132 0.131 0.142 0.151 0.140 0.142 0.130 0.158 0.131 0.130 0.132 0.136 0.131 0.144 0.131 0.130 0.131 0.140 0.130 0.147 0.137 0.131 0.139 0.137 0.136 0.147 0.138 0.133 0.130 0.133 0.130
-0.384 0.067 0.066 0.123 0.127 0.087 0.118 0.132 0.127 0.196 0.134 0.150 1.166 0.158 0.188 0.190 0.195 0.191 0.193 0.192 0.194 0.184 0.153 0.179 0.174 0.193 0.155 0.195 0.191 0.194 0.180 0.193 0.150 0.195 0.192 0.197 0.183 0.193 0.156 0.180 0.195 0.182 0.183 0.184 0.130 0.189 0.191 0.196 0.189 0.191
-0.337 0.052 0.052 0.106 0.111 0.073 -0.108 0.120 0.125 0.229 0.143 0.142 0.158 1.176 0.235 0.239 0.236 0.241 0.237 0.237 0.236 0.224 0.216 0.230 0.228 0.238 0.195 0.235 0.239 0.235 0.237 0.237 0.236 0.236 0.239 0.234 0.228 0.238 0.227 0.236 0.234 0.230 0.232 0.234 0.234 0.226 0.234 0.235 0.236 0.239
-0.352 0.061 0.060 0.101 0.110 0.080 -0.005 0.112 0.114 0.237 0.133 0.134 0.188 0.235 1.166 0.154 0.152 0.153 0.152 0.153 0.152 0.156 0.161 0.157 0.158 0.153 0.159 0.152 0.153 0.152 0.157 0.153 0.162 0.152 0.153 0.151 0.157 0.153 0.162 0.157 0.152 0.156 0.156 0.156 0.164 0.155 0.153 0.152 0.154 0.153
-0.347 0.059 0.059 0.098 0.108 0.079 -0.017 0.109 0.111 0.243 0.132 0.131 0.190 0.239 0.154 1.167 0.139 0.142 0.140 0.141 0.140 0.145 0.154 0.148 0.149 0.140 0.149 0.139 0.141 0.140 0.147 0.141 0.155 0.140 0.141 0.138 0.146 0.140 0.155 0.147 0.139 0.146 0.146 0.145 0.158 0.143 0.142 0.140 0.142 0.141
-0.353 0.062 0.061 0.099 0.109 0.081 0.021 0.109 0.110 0.239 0.130 0.131 0.195 0.236 0.152 0.139 1.165 0.117 0.116 0.116 0.116 0.114 0.110 0.115 0.114 0.116 0.109 0.116 0.116 0.116 0.116 0.116 0.111 0.116 0.116 0.116 0.115 0.116 0.112 0.115 0.116 0.115 0.115 0.115 0.108 0.115 0.116 0.116 0.116 0.116
-0.347 0.059 0.059 0.097 0.107 0.079 -0.016 0.108 0.110 0.245 0.132 0.130 0.191 0.241 0.153 0.142 0.117 1.170 0.147 0.148 0.147 0.147 0.147 0.149 0.149 0.147 0.141 0.147 0.148 0.147 0.150 0.147 0.152 0.147 0.148 0.146 0.148 0.148 0.151 0.150 0.146 0.148 0.149 0.149 0.151 0.147 0.147 0.147 0.148 0.148
-0.352 0.061 0.061 0.099 0.109 0.081 0.011 0.109 0.110 0.241 0.130 0.130 0.193 0.237 0.152 0.140 0.116 0.147 1.169 0.149 0.148 0.150 0.151 0.150 0.150 0.148 0.150 0.148 0.149 0.148 0.150 0.149 0.151 0.148 0.149 0.148 0.150 0.148 0.151 0.150 0.148 0.150 0.150 0.150 0.150 0.149 0.149 0.148 0.149 0.149
-0.352 0.061 0.061 0.100 0.109 0.080 0.004 0.110 0.111 0.240 0.131 0.132 0.192 0.237 0.153 0.141 0.116 0.148 0.149 1.169 0.119 0.119 0.124 0.120 0.121 0.119 0.126 0.119 0.119 0.119 0.120 0.119 0.123 0.119 0.119 0.118 0.120 0.119 0.123 0.120 0.119 0.120 0.120 0.120 0.126 0.119 0.119 0.119 0.119 0.120
-0.353 0.062 0.061 0.100 0.109 0.081 0.018 0.110 0.111 0.239 0.130 0.131 0.194 0.236 0.152 0.140 0.116 0.147 0.148 0.119 1.171 0.163 0.197 0.162 0.169 0.141 0.212 0.141 0.142 0.143 0.155 0.141 0.184 0.141 0.141 0.141 0.161 0.141 0.186 0.156 0.142 0.160 0.156 0.154 0.201 0.156 0.147 0.141 0.146 0.141
-0.364 0.063 0.063 0.110 0.116 0.083 0.032 0.120 0.120 0.219 0.134 0.142 0.184 0.224 0.156 0.145 0.114 0.147 0.150 0.119 0.163 1.169 0.176 0.171 0.171 0.172 0.185 0.172 0.172 0.172 0.171 0.172 0.171 0.172 0.172 0.172 0.171 0.172 0.173 0.171 0.172 0.171 0.172 0.171 0.175 0.171 0.172 0.172 0.172 0.172
-0.374 0.061 0.061 0.124 0.126 0.083 0.051 0.135 0.133 0.201 0.139 0.151 0.153 0.216 0.161 0.154 0.110 0.147 0.151 0.124 0.197 0.176 1.171 0.188 0.190 0.183 0.182 0.184 0.183 0.186 0.185 0.183 0.185 0.184 0.182 0.186 0.190 0.183 0.187 0.186 0.186 0.189 0.187 0.187 0.179 0.190 0.186 0.183 0.185 0.183
-0.353 0.060 0.060 0.106 0.113 0.080 -0.019 0.117 0.120 0.227 0.137 0.140 0.179 0.230 0.157 0.148 0.115 0.149 0.150 0.120 0.162 0.171 0.188 1.172 0.200 0.200 0.206 0.199 0.200 0.199 0.201 0.200 0.206 0.199 0.201 0.198 0.198 0.200 0.204 0.201 0.199 0.199 0.200 0.200 0.213 0.197 0.199 0.199 0.200 0.201
-0.354 0.059 0.059 0.109 0.114 0.079 -0.020 0.120 0.122 0.222 0.138 0.142 0.174 0.228 0.158 0.149 0.114 0.149 0.150 0.121 0.169 0.171 0.190 0.200 1.171 0.137 0.124 0.135 0.138 0.136 0.141 0.137 0.141 0.136 0.138 0.134 0.136 0.138 0.139 0.140 0.135 0.136 0.138 0.138 0.141 0.133 0.136 0.135 0.138 0.139
-0.350 0.061 0.060 0.098 0.108 0.080 0.005 0.109 0.110 0.242 0.131 0.130 0.193 0.238 0.153 0.140 0.116 0.147 0.148 0.119 0.141 0.172 0.183 0.200 0.137 1.175 0.196 0.127 0.130 0.129 0.146 0.129 0.176 0.127 0.129 0.126 0.149 0.128 0.178 0.146 0.128 0.147 0.145 0.142 0.194 0.142 0.133 0.127 0.134 0.130
-0.424 0.076 0.074 0.143 0.145 0.097 0.262 0.152 0.138 0.177 0.132 0.158 0.155 0.195 0.159 0.149 0.109 0.141 0.150 0.126 0.212 0.185 0.182 0.206 0.124 0.196 1.233 0.298 0.289 0.291 0.258 0.293 0.184 0.296 0.290 0.299 0.260 0.291 0.201 0.255 0.295 0.260 0.265 0.265 0.150 0.275 0.285 0.301 0.281 0.289
-0.356 0.062 0.062 0.100 0.110 0.082 0.033 0.110 0.110 0.238 0.129 0.131 0.195 0.235 0.152 0.139 0.116 0.147 0.148 0.119 0.141 0.172 0.184 0.199 0.135 0.127 0.298 1.193 0.173 0.172 0.171 0.173 0.163 0.173 0.173 0.173 0.170 0.173 0.166 0.170 0.172 0.170 0.171 0.171 0.162 0.171 0.172 0.174 0.172 0.173
-0.349 0.060 0.060 0.098 0.108 0.080 -0.005 0.109 0.111 0.243 0.131 0.130 0.191 0.239 0.153 0.141 0.116 0.148 0.149 0.119 0.142 0.172 0.183 0.200 0.138 0.130 0.289 0.173 1.194 0.162 0.162 0.163 0.158 0.162 0.163 0.162 0.161 0.163 0.158 0.162 0.162 0.161 0.162 0.162 0.156 0.160 0.162 0.163 0.162 0.163
-0.354 0.062 0.061 0.100 0.109 0.081 0.021 0.110 0.111 0.238 0.130 0.132 0.194 0.235 0.152 0.140 0.116 0.147 0.148 0.119 0.143 0.172 0.186 0.199 0.136 0.129 0.291 0.172 0.162 1.193 0.163 0.163 0.157 0.163 0.163 0.162 0.162 0.163 0.160 0.162 0.162 0.162 0.163 0.162 0.155 0.162 0.163 0.164 0.163 0.163
-0.345 0.058 0.058 0.102 0.109 0.078 -0.053 0.113 0.117 0.237 0.137 0.136 0.180 0.237 0.157 0.147 0.116 0.150 0.150 0.120 0.155 0.171 0.185 0.201 0.141 0.146 0.258 0.171 0.162 0.163 1.193 0.200 0.192 0.198 0.201 0.196 0.194 0.200 0.190 0.200 0.197 0.195 0.197 0.198 0.185 0.192 0.197 0.198 0.199 0.201
-0.352 0.061 0.061 0.099 0.109 0.081 0.009 0.109 0.110 0.241 0.131 0.131 0.193 0.237 0.153 0.141 0.116 0.147 0.149 0.119 0.141 0.172 0.183 0.200 0.137 0.129 0.293 0.173 0.163 0.163 0.200 1.196 0.164 0.156 0.157 0.155 0.160 0.156 0.166 0.160 0.155 0.160 0.160 0.159 0.168 0.158 0.157 0.156 0.157 0.157
-0.331 0.049 0.048 0.106 0.110 0.070 -0.120 0.121 0.126 0.225 0.143 0.144 0.150 0.236 0.162 0.155 0.111 0.152 0.151 0.123 0.184 0.171 0.185 0.206 0.141 0.176 0.184 0.163 0.158 0.157 0.192 0.164 1.191 0.250 0.255 0.246 0.239 0.253 0.233 0.250 0.247 0.241 0.246 0.247 0.230 0.236 0.247 0.250 0.250 0.255
-0.354 0.062 0.061 0.099 0.109 0.081 0.022 0.109 0.110 0.240 0.130 0.131 0.195 0.236 0.152 0.140 0.116 0.147 0.148 0.119 0.141 0.172 0.184 0.199 0.136 0.127 0.296 0.173 0.162 0.163 0.198 0.156 0.250 1.203 0.170 0.168 0.169 0.169 0.169 0.169 0.168 0.168 0.170 0.169 0.166 0.168 0.169 0.170 0.169 0.170
-0.349 0.060 0.060 0.098 0.108 0.080 -0.005 0.108 0.110 0.244 0.131 0.130 0.192 0.239 0.153 0.141 0.116 0.148 0.149 0.119 0.141 0.172 0.182 0.201 0.138 0.129 0.290 0.173 0.163 0.163 0.201 0.157 0.255 0.170 1.206 0.170 0.171 0.172 0.170 0.172 0.171 0.171 0.172 0.172 0.166 0.169 0.171 0.172 0.172 0.173
-0.357 0.063 0.062 0.100 0.110 0.082 0.042 0.110 0.110 0.237 0.129 0.131 0.197 0.234 0.151 0.138 0.116 0.146 0.148 0.118 0.141 0.172 0.186 0.198 0.134 0.126 0.299 0.173 0.162 0.162 0.196 0.155 0.246 0.168 0.170 1.204 0.183 0.183 0.183 0.182 0.183 0.182 0.183 0.182 0.181 0.183 0.183 0.184 0.183 0.183
-0.358 0.062 0.061 0.107 0.114 0.081 0.004 0.118 0.119 0.225 0.135 0.140 0.183 0.228 0.157 0.146 0.115 0.148 0.150 0.120 0.161 0.171 0.190 0.198 0.136 0.149 0.260 0.170 0.161 0.162 0.194 0.160 0.239 0.169 0.171 0.183 1.190 0.205 0.194 0.203 0.203 0.200 0.202 0.202 0.189 0.198 0.203 0.204 0.204 0.206
-0.350 0.060 0.060 0.098 0.108 0.080 0.001 0.108 0.110 0.242 0.131 0.130 0.193 0.238 0.153 0.140 0.116 0.148 0.148 0.119 0.141 0.172 0.183 0.200 0.138 0.128 0.291 0.173 0.163 0.163 0.200 0.156 0.253 0.169 0.172 0.183 0.205 1.206 0.169 0.182 0.186 0.180 0.182 0.182 0.160 0.179 0.185 0.186 0.185 0.187
-0.350 0.055 0.055 0.113 0.117 0.076 -0.054 0.126 0.129 0.217 0.142 0.147 0.156 0.227 0.162 0.155 0.112 0.151 0.151 0.123 0.186 0.173 0.187 0.204 0.139 0.178 0.201 0.166 0.158 0.160 0.190 0.166 0.233 0.169 0.170 0.183 0.194 0.169 1.183 0.227 0.235 0.221 0.225 0.227 0.178 0.220 0.232 0.235 0.234 0.238
-0.345 0.058 0.058 0.102 0.110 0.078 -0.049 0.114 0.117 0.235 0.137 0.137 0.180 0.236 0.157 0.147 0.115 0.150 0.150 0.120 0.156 0.171 0.186 0.201 0.140 0.146 0.255 0.170 0.162 0.162 0.200 0.160 0.250 0.169 0.172 0.182 0.203 0.182 0.227 1.200 0.204 0.209 0.210 0.210 0.228 0.206 0.206 0.204 0.208 0.207
-0.356 0.062 0.062 0.100 0.110 0.082 0.033 0.110 0.110 0.237 0.129 0.131 0.195 0.234 0.152 0.139 0.116 0.146 0.148 0.119 0.142 0.172 0.186 0.199 0.135 0.128 0.295 0.172 0.162 0.162 0.197 0.155 0.247 0.168 0.171 0.183 0.203 0.186 0.235 0.204 1.207 0.177 0.180 0.181 0.157 0.180 0.186 0.190 0.186 0.189
-0.355 0.061 0.061 0.106 0.113 0.081 -0.003 0.117 0.119 0.227 0.135 0.139 0.182 0.230 0.156 0.146 0.115 0.148 0.150 0.120 0.160 0.171 0.189 0.199 0.136 0.147 0.260 0.170 0.161 0.162 0.195 0.160 0.241 0.168 0.171 0.182 0.200 0.180 0.221 0.209 0.177 1.193 0.176 0.176 0.160 0.172 0.177 0.178 0.178 0.180
-0.354 0.061 0.060 0.105 0.112 0.080 -0.012 0.115 0.117 0.231 0.135 0.137 0.183 0.232 0.156 0.146 0.115 0.149 0.150 0.120 0.156 0.172 0.187 0.200 0.138 0.145 0.265 0.171 0.162 0.163 0.197 0.160 0.246 0.170 0.172 0.183 0.202 0.182 0.225 0.210 0.180 0.176 1.197 0.209 0.173 0.206 0.211 0.211 0.212 0.213
-0.350 0.059 0.059 0.103 0.110 0.079 -0.019 0.114 0.116 0.233 0.135 0.136 0.184 0.234 0.156 0.145 0.115 0.149 0.150 0.120 0.154 0.171 0.187 0.200 0.138 0.142 0.265 0.171 0.162 0.162 0.198 0.159 0.247 0.169 0.172 0.182 0.202 0.182 0.227 0.210 0.181 0.176 0.209 1.199 0.153 0.165 0.172 0.173 0.173 0.176
-0.334 0.047 0.046 0.111 0.114 0.069 -0.110 0.129 0.132 0.218 0.145 0.147 0.130 0.234 0.164 0.158 0.108 0.151 0.150 0.126 0.201 0.175 0.179 0.213 0.141 0.194 0.150 0.162 0.156 0.155 0.185 0.168 0.230 0.166 0.166 0.181 0.189 0.160 0.178 0.228 0.157 0.160 0.173 0.153 1.194 0.255 0.253 0.257 0.251 0.252
-0.362 0.063 0.063 0.107 0.115 0.083 0.042 0.117 0.116 0.224 0.132 0.138 0.189 0.226 0.155 0.143 0.115 0.147 0.149 0.119 0.156 0.171 0.190 0.197 0.133 0.142 0.275 0.171 0.160 0.162 0.192 0.158 0.236 0.168 0.169 0.183 0.198 0.179 0.220 0.206 0.180 0.172 0.206 0.165 0.255 1.203 0.198 0.199 0.200 0.201
-0.354 0.061 0.061 0.101 0.110 0.081 0.013 0.112 0.113 0.236 0.132 0.133 0.191 0.234 0.153 0.142 0.116 0.147 0.149 0.119 0.147 0.172 0.186 0.199 0.136 0.133 0.285 0.172 0.162 0.163 0.197 0.157 0.247 0.169 0.171 0.183 0.203 0.185 0.232 0.206 0.186 0.177 0.211 0.172 0.253 0.198 1.211 0.173 0.172 0.173
-0.356 0.062 0.062 0.100 0.110 0.082 0.034 0.109 0.110 0.239 0.129 0.130 0.196 0.235 0.152 0.140 0.116 0.147 0.148 0.119 0.141 0.172 0.183 0.199 0.135 0.127 0.301 0.174 0.163 0.164 0.198 0.156 0.250 0.170 0.172 0.184 0.204 0.186 0.235 0.204 0.190 0.178 0.211 0.173 0.257 0.199 0.173 1.221 0.194 0.196
-0.351 0.060 0.060 0.100 0.109 0.080 -0.005 0.111 0.113 0.238 0.132 0.133 0.189 0.236 0.154 0.142 0.116 0.148 0.149 0.119 0.146 0.172 0.185 0.200 0.138 0.134 0.281 0.172 0.162 0.163 0.199 0.157 0.250 0.169 0.172 0.183 0.204 0.185 0.234 0.208 0.186 0.178 0.212 0.173 0.251 0.200 0.172 0.194 1.214 0.317
-0.348 0.060 0.060 0.098 0.108 0.080 -0.009 0.108 0.111 0.243 0.132 0.130 0.191 0.239 0.153 0.141 0.116 0.148 0.149 0.120 0.141 0.172 0.183 0.201 0.139 0.130 0.289 0.173 0.163 0.163 0.201 0.157 0.255 0.170 0.173 0.183 0.206 0.187 0.238 0.207 0.189 0.180 0.213 0.176 0.252 0.201 0.173 0.196 0.317 1.230
