1.000 -0.590 -0.590 -0.713 -0.660 -0.690 -0.676 -0.616 -0.678 -0.607 -0.619 -0.652 -0.704 -0.603 -0.648 -0.664 -0.647 -0.592 -0.667 -0.734 -0.627 -0.737 -0.678 -0.665 -0.619 -0.684 -0.660 -0.592 -0.584 -0.773
-0.590 1.348 0.337 0.352 0.388 0.406 0.397 0.362 0.398 0.357 0.364 0.383 0.415 0.352 0.381 0.390 0.380 0.348 0.392 0.426 0.368 0.408 0.398 0.386 0.364 0.397 0.388 0.348 0.343 0.422
-0.590 0.337 1.348 0.625 0.421 0.446 0.430 0.396 0.432 0.398 0.398 0.417 0.453 0.405 0.414 0.430 0.414 0.383 0.431 0.488 0.402 0.549 0.432 0.447 0.398 0.461 0.421 0.387 0.387 0.588
-0.713 0.352 0.625 1.555 0.436 0.461 0.447 0.408 0.448 0.407 0.410 0.431 0.470 0.411 0.428 0.443 0.427 0.393 0.446 0.500 0.415 0.532 0.448 0.455 0.409 0.469 0.436 0.396 0.394 0.564
-0.660 0.388 0.421 0.436 1.439 0.442 0.439 0.400 0.440 0.389 0.402 0.423 0.452 0.383 0.421 0.427 0.419 0.384 0.428 0.465 0.407 0.459 0.438 0.421 0.402 0.433 0.429 0.381 0.374 0.481
-0.690 0.406 0.446 0.461 0.442 1.480 0.468 0.427 0.469 0.419 0.429 0.451 0.485 0.413 0.449 0.457 0.448 0.411 0.459 0.498 0.435 0.481 0.468 0.452 0.429 0.464 0.457 0.410 0.403 0.500
-0.676 0.397 0.430 0.447 0.439 0.468 1.460 0.412 0.453 0.402 0.414 0.436 0.466 0.397 0.433 0.440 0.432 0.395 0.442 0.485 0.419 0.494 0.452 0.439 0.414 0.452 0.441 0.393 0.386 0.522
-0.616 0.362 0.396 0.408 0.400 0.427 0.412 1.383 0.416 0.373 0.380 0.400 0.433 0.372 0.398 0.408 0.397 0.363 0.410 0.452 0.385 0.459 0.416 0.410 0.380 0.422 0.405 0.364 0.359 0.483
-0.678 0.398 0.432 0.448 0.440 0.469 0.453 0.416 1.463 0.413 0.421 0.443 0.479 0.412 0.440 0.452 0.439 0.402 0.454 0.500 0.426 0.508 0.460 0.454 0.421 0.467 0.449 0.403 0.397 0.534
-0.607 0.357 0.398 0.407 0.389 0.419 0.402 0.373 0.413 1.371 0.384 0.404 0.426 0.357 0.402 0.403 0.400 0.367 0.404 0.430 0.389 0.406 0.417 0.390 0.385 0.400 0.409 0.362 0.353 0.421
-0.619 0.364 0.398 0.410 0.402 0.429 0.414 0.380 0.421 0.384 1.386 0.409 0.443 0.383 0.407 0.418 0.406 0.372 0.420 0.464 0.394 0.472 0.425 0.421 0.389 0.434 0.414 0.373 0.369 0.496
-0.652 0.383 0.417 0.431 0.423 0.451 0.436 0.400 0.443 0.404 0.409 1.428 0.492 0.433 0.447 0.464 0.446 0.410 0.468 0.522 0.433 0.545 0.468 0.476 0.427 0.490 0.455 0.416 0.413 0.575
-0.704 0.415 0.453 0.470 0.452 0.485 0.466 0.433 0.479 0.426 0.443 0.492 1.501 0.430 0.459 0.472 0.458 0.418 0.474 0.525 0.444 0.533 0.480 0.475 0.438 0.489 0.467 0.420 0.414 0.563
-0.603 0.352 0.405 0.411 0.383 0.413 0.397 0.372 0.412 0.357 0.383 0.433 0.430 1.369 0.372 0.377 0.371 0.338 0.377 0.409 0.359 0.385 0.388 0.367 0.355 0.378 0.378 0.335 0.327 0.400
-0.648 0.381 0.414 0.428 0.421 0.449 0.433 0.398 0.440 0.402 0.407 0.447 0.459 0.372 1.424 0.466 0.450 0.414 0.469 0.519 0.436 0.531 0.471 0.474 0.431 0.487 0.458 0.418 0.415 0.558
-0.664 0.390 0.430 0.443 0.427 0.457 0.440 0.408 0.452 0.403 0.418 0.464 0.472 0.377 0.466 1.447 0.410 0.374 0.425 0.473 0.397 0.484 0.431 0.427 0.392 0.440 0.418 0.375 0.370 0.512
-0.647 0.380 0.414 0.427 0.419 0.448 0.432 0.397 0.439 0.400 0.406 0.446 0.458 0.371 0.450 0.410 1.423 0.395 0.442 0.479 0.418 0.457 0.452 0.434 0.413 0.445 0.440 0.393 0.386 0.475
-0.592 0.348 0.383 0.393 0.384 0.411 0.395 0.363 0.402 0.367 0.372 0.410 0.418 0.338 0.414 0.374 0.395 1.355 0.405 0.455 0.374 0.476 0.407 0.412 0.369 0.425 0.395 0.356 0.353 0.505
-0.667 0.392 0.431 0.446 0.428 0.459 0.442 0.410 0.454 0.404 0.420 0.468 0.474 0.377 0.469 0.425 0.442 0.405 1.451 0.507 0.442 0.496 0.476 0.458 0.436 0.471 0.464 0.414 0.406 0.519
-0.734 0.426 0.488 0.500 0.465 0.498 0.485 0.452 0.500 0.430 0.464 0.522 0.525 0.409 0.519 0.473 0.479 0.455 0.507 1.549 0.459 0.548 0.497 0.488 0.453 0.503 0.483 0.433 0.427 0.578
-0.627 0.368 0.402 0.415 0.407 0.435 0.419 0.385 0.426 0.389 0.394 0.433 0.444 0.359 0.436 0.397 0.418 0.374 0.442 0.459 1.399 0.502 0.447 0.445 0.408 0.459 0.434 0.393 0.388 0.529
-0.737 0.408 0.549 0.532 0.459 0.481 0.494 0.459 0.508 0.406 0.472 0.545 0.533 0.385 0.531 0.484 0.457 0.476 0.496 0.548 0.502 1.575 0.475 0.479 0.431 0.494 0.461 0.415 0.411 0.590
-0.678 0.398 0.432 0.448 0.438 0.468 0.452 0.416 0.460 0.417 0.425 0.468 0.480 0.388 0.471 0.431 0.452 0.407 0.476 0.497 0.447 0.475 1.467 0.468 0.447 0.481 0.475 0.425 0.417 0.535
-0.665 0.386 0.447 0.455 0.421 0.452 0.439 0.410 0.454 0.390 0.421 0.476 0.475 0.367 0.474 0.427 0.434 0.412 0.458 0.488 0.445 0.479 0.468 1.454 0.449 0.496 0.475 0.433 0.429 0.560
-0.619 0.364 0.398 0.409 0.402 0.429 0.414 0.380 0.421 0.385 0.389 0.427 0.438 0.355 0.431 0.392 0.413 0.369 0.436 0.453 0.408 0.431 0.447 0.449 1.391 0.387 0.363 0.323 0.319 0.455
-0.684 0.397 0.461 0.469 0.433 0.464 0.452 0.422 0.467 0.400 0.434 0.490 0.489 0.378 0.487 0.440 0.445 0.425 0.471 0.503 0.459 0.494 0.481 0.496 0.387 1.484 0.472 0.432 0.430 0.600
-0.660 0.388 0.421 0.436 0.429 0.457 0.441 0.405 0.449 0.409 0.414 0.455 0.467 0.378 0.458 0.418 0.440 0.395 0.464 0.483 0.434 0.461 0.475 0.475 0.363 0.472 1.447 0.445 0.437 0.515
-0.592 0.348 0.387 0.396 0.381 0.410 0.393 0.364 0.403 0.362 0.373 0.416 0.420 0.335 0.418 0.375 0.393 0.356 0.414 0.433 0.393 0.415 0.425 0.433 0.323 0.432 0.445 1.364 0.301 0.375
-0.584 0.343 0.387 0.394 0.374 0.403 0.386 0.359 0.397 0.353 0.369 0.413 0.414 0.327 0.415 0.370 0.386 0.353 0.406 0.427 0.388 0.411 0.417 0.429 0.319 0.430 0.437 0.301 1.358 0.590
-0.773 0.422 0.588 0.564 0.481 0.500 0.522 0.483 0.534 0.421 0.496 0.575 0.563 0.400 0.558 0.512 0.475 0.505 0.519 0.578 0.529 0.590 0.535 0.560 0.455 0.600 0.515 0.375 0.590 1.667
