1.000 -0.008 -0.003 -0.003 -0.004 -0.003 -0.010 -0.004 -0.009 -0.005 -0.007 -0.005 -0.007 -0.003 -0.006 -0.003 -0.003 -0.004 -0.006 -0.005
-0.008 1.000 0.003 0.003 0.003 0.003 0.010 0.003 0.009 0.005 0.007 0.004 0.007 0.003 0.005 0.003 0.003 0.003 0.006 0.004
-0.003 0.003 1.000 0.010 0.010 0.010 0.016 0.010 0.015 0.011 0.013 0.011 0.013 0.010 0.012 0.010 0.010 0.010 0.012 0.011
-0.003 0.003 0.010 1.000 0.016 0.014 0.054 0.014 0.048 0.023 0.036 0.021 0.036 0.014 0.027 0.014 0.014 0.014 0.030 0.021
-0.004 0.003 0.010 0.016 1.000 0.000 -0.002 -0.000 -0.002 -0.001 -0.001 -0.000 -0.001 -0.000 -0.001 -0.000 -0.000 -0.000 -0.001 -0.000
-0.003 0.003 0.010 0.014 0.000 1.000 -0.003 -0.003 -0.003 -0.003 -0.003 -0.003 -0.003 -0.003 -0.003 -0.003 -0.003 -0.003 -0.003 -0.003
-0.010 0.010 0.016 0.054 -0.002 -0.003 1.003 0.002 -0.002 0.001 -0.001 0.001 -0.001 0.002 0.001 0.002 0.002 0.002 0.000 0.001
-0.004 0.003 0.010 0.014 -0.000 -0.003 0.002 1.000 0.002 0.004 0.003 0.004 0.003 0.004 0.004 0.004 0.004 0.004 0.003 0.004
-0.009 0.009 0.015 0.048 -0.002 -0.003 -0.002 0.002 1.003 0.016 0.023 0.015 0.023 0.012 0.018 0.011 0.011 0.012 0.020 0.015
-0.005 0.005 0.011 0.023 -0.001 -0.003 0.001 0.004 0.016 1.001 0.011 0.008 0.011 0.006 0.009 0.006 0.006 0.006 0.010 0.008
-0.007 0.007 0.013 0.036 -0.001 -0.003 -0.001 0.003 0.023 0.011 1.002 0.003 -0.003 0.006 0.001 0.006 0.006 0.006 -0.000 0.004
-0.005 0.004 0.011 0.021 -0.000 -0.003 0.001 0.004 0.015 0.008 0.003 1.001 0.003 0.001 0.003 0.001 0.001 0.001 0.003 0.002
-0.007 0.007 0.013 0.036 -0.001 -0.003 -0.001 0.003 0.023 0.011 -0.003 0.003 1.002 0.009 0.014 0.009 0.009 0.009 0.015 0.012
-0.003 0.003 0.010 0.014 -0.000 -0.003 0.002 0.004 0.012 0.006 0.006 0.001 0.009 1.001 0.005 0.000 0.000 0.000 0.006 0.003
-0.006 0.005 0.012 0.027 -0.001 -0.003 0.001 0.004 0.018 0.009 0.001 0.003 0.014 0.005 1.001 0.006 0.007 0.007 0.007 0.007
-0.003 0.003 0.010 0.014 -0.000 -0.003 0.002 0.004 0.011 0.006 0.006 0.001 0.009 0.000 0.006 1.001 0.002 0.002 0.002 0.002
-0.003 0.003 0.010 0.014 -0.000 -0.003 0.002 0.004 0.011 0.006 0.006 0.001 0.009 0.000 0.007 0.002 1.001 0.003 0.001 0.002
-0.004 0.003 0.010 0.014 -0.000 -0.003 0.002 0.004 0.012 0.006 0.006 0.001 0.009 0.000 0.007 0.002 0.003 1.001 0.002 0.001
-0.006 0.006 0.012 0.030 -0.001 -0.003 0.000 0.003 0.020 0.010 -0.000 0.003 0.015 0.006 0.007 0.002 0.001 0.002 1.002 0.010
-0.005 0.004 0.011 0.021 -0.000 -0.003 0.001 0.004 0.015 0.008 0.004 0.002 0.012 0.003 0.007 0.002 0.002 0.001 0.010 1.001
