1.000 -0.020 -0.105 -0.070 -0.040 -0.116 -0.142 -0.095 -0.075 -0.071 -0.015 -0.160 -0.086 -0.221 -0.106 -0.098 -0.104 -0.069 -0.148 -0.135
-0.020 1.000 -0.003 -0.004 -0.010 -0.003 -0.003 -0.007 -0.004 -0.005 -0.017 -0.004 -0.003 -0.006 -0.003 -0.003 -0.004 -0.004 -0.006 -0.011
-0.105 -0.003 1.011 0.013 0.027 0.018 0.020 0.026 0.014 0.018 0.041 0.028 0.014 0.039 0.017 0.017 0.018 0.013 0.030 0.042
-0.070 -0.004 0.013 1.005 -0.017 -0.003 -0.000 -0.011 -0.005 -0.010 -0.023 -0.004 -0.003 -0.003 -0.003 -0.004 -0.006 -0.005 -0.007 -0.014
-0.040 -0.010 0.027 -0.017 1.003 0.008 0.008 0.008 0.006 0.008 -0.014 0.010 0.005 0.010 0.007 0.007 0.009 0.006 0.009 0.003
-0.116 -0.003 0.018 -0.003 0.008 1.014 0.013 0.009 0.006 0.006 0.003 0.016 0.007 0.023 0.009 0.008 0.009 0.005 0.015 0.015
-0.142 -0.003 0.020 -0.000 0.008 0.013 1.020 0.021 0.017 0.017 0.023 0.030 0.019 0.039 0.022 0.021 0.021 0.017 0.029 0.031
-0.095 -0.007 0.026 -0.011 0.008 0.009 0.021 1.010 -0.003 0.005 0.026 0.013 -0.004 0.027 -0.001 -0.000 0.003 -0.004 0.017 0.033
-0.075 -0.004 0.014 -0.005 0.006 0.006 0.017 -0.003 1.006 0.023 0.027 0.029 0.017 0.037 0.020 0.020 0.023 0.018 0.031 0.037
-0.071 -0.005 0.018 -0.010 0.008 0.006 0.017 0.005 0.023 1.006 -0.110 -0.020 -0.008 -0.032 -0.010 -0.012 -0.015 -0.012 -0.029 -0.067
-0.015 -0.017 0.041 -0.023 -0.014 0.003 0.023 0.026 0.027 -0.110 1.017 0.032 0.024 0.032 0.027 0.028 0.032 0.027 0.034 0.031
-0.160 -0.004 0.028 -0.004 0.010 0.016 0.030 0.013 0.029 -0.020 0.032 1.028 0.054 0.089 0.059 0.058 0.061 0.053 0.075 0.089
-0.086 -0.003 0.014 -0.003 0.005 0.007 0.019 -0.004 0.017 -0.008 0.024 0.054 1.010 0.017 0.006 0.006 0.006 0.003 0.011 0.013
-0.221 -0.006 0.039 -0.003 0.010 0.023 0.039 0.027 0.037 -0.032 0.032 0.089 0.017 1.055 0.031 0.029 0.028 0.023 0.035 0.032
-0.106 -0.003 0.017 -0.003 0.007 0.009 0.022 -0.001 0.020 -0.010 0.027 0.059 0.006 0.031 1.014 0.011 0.012 0.008 0.017 0.017
-0.098 -0.003 0.017 -0.004 0.007 0.008 0.021 -0.000 0.020 -0.012 0.028 0.058 0.006 0.029 0.011 1.013 0.011 0.008 0.015 0.015
-0.104 -0.004 0.018 -0.006 0.009 0.009 0.021 0.003 0.023 -0.015 0.032 0.061 0.006 0.028 0.012 0.011 1.014 0.003 0.007 0.004
-0.069 -0.004 0.013 -0.005 0.006 0.005 0.017 -0.004 0.018 -0.012 0.027 0.053 0.003 0.023 0.008 0.008 0.003 1.008 0.084 0.076
-0.148 -0.006 0.030 -0.007 0.009 0.015 0.029 0.017 0.031 -0.029 0.034 0.075 0.011 0.035 0.017 0.015 0.007 0.084 1.033 0.130
-0.135 -0.011 0.042 -0.014 0.003 0.015 0.031 0.033 0.037 -0.067 0.031 0.089 0.013 0.032 0.017 0.015 0.004 0.076 0.130 1.045
