1.000 -0.001 -0.000 -0.000 -0.001 -0.000 -0.000 -0.001 -0.001 -0.001
-0.001 1.000 0.003 0.003 0.002 0.003 0.002 0.000 0.000 0.000
-0.000 0.003 1.000 0.018 0.016 0.018 0.018 0.013 0.013 0.013
-0.000 0.003 0.018 1.000 0.035 0.035 0.035 0.036 0.036 0.036
-0.001 0.002 0.016 0.035 1.001 0.002 0.002 0.000 0.000 0.000
-0.000 0.003 0.018 0.035 0.002 1.002 0.024 0.022 0.022 0.022
-0.000 0.002 0.018 0.035 0.002 0.024 1.002 0.002 0.002 0.002
-0.001 0.000 0.013 0.036 0.000 0.022 0.002 1.002 0.025 0.024
-0.001 0.000 0.013 0.036 0.000 0.022 0.002 0.025 1.002 -0.001
-0.001 0.000 0.013 0.036 0.000 0.022 0.002 0.024 -0.001 1.002
