1.000 0.000 -0.001 -0.000 -0.000 -0.000 -0.001 -0.001 -0.001 -0.000 0.000 -0.000 -0.001 0.000 0.000 -0.000 -0.001 -0.001 0.000 -0.000
0.000 1.000 -0.004 -0.004 -0.004 -0.004 -0.004 -0.004 -0.004 -0.004 -0.004 -0.004 -0.004 -0.007 -0.005 -0.004 -0.004 -0.004 -0.005 -0.004
-0.001 -0.004 1.000 0.037 0.038 0.037 0.036 0.035 0.035 0.037 0.039 0.037 0.033 0.043 0.040 0.037 0.034 0.035 0.041 0.038
-0.000 -0.004 0.037 1.001 0.004 0.004 0.004 0.004 0.004 0.004 0.004 0.004 0.003 0.003 0.004 0.004 0.004 0.004 0.004 0.004
-0.000 -0.004 0.038 0.004 1.001 -0.010 -0.011 -0.012 -0.012 -0.010 -0.007 -0.010 -0.014 -0.004 -0.007 -0.010 -0.013 -0.012 -0.006 -0.009
-0.000 -0.004 0.037 0.004 -0.010 1.002 -0.004 -0.004 -0.004 -0.003 -0.001 -0.003 -0.006 -0.002 -0.002 -0.003 -0.005 -0.004 -0.001 -0.002
-0.001 -0.004 0.036 0.004 -0.011 -0.004 1.001 0.004 0.004 0.004 0.005 0.004 0.004 0.005 0.005 0.004 0.004 0.004 0.005 0.005
-0.001 -0.004 0.035 0.004 -0.012 -0.004 0.004 1.001 0.007 0.008 0.010 0.008 0.005 0.010 0.010 0.008 0.006 0.007 0.010 0.009
-0.001 -0.004 0.035 0.004 -0.012 -0.004 0.004 0.007 1.001 0.010 0.008 0.010 0.012 0.009 0.009 0.010 0.011 0.011 0.008 0.009
-0.000 -0.004 0.037 0.004 -0.010 -0.003 0.004 0.008 0.010 1.002 0.023 0.022 0.021 0.024 0.023 0.022 0.021 0.022 0.023 0.023
0.000 -0.004 0.039 0.004 -0.007 -0.001 0.005 0.010 0.008 0.023 1.002 -0.004 -0.002 -0.012 -0.008 -0.004 -0.002 -0.003 -0.009 -0.005
-0.000 -0.004 0.037 0.004 -0.010 -0.003 0.004 0.008 0.010 0.022 -0.004 1.002 0.007 -0.001 0.001 0.003 0.006 0.005 -0.000 0.002
-0.001 -0.004 0.033 0.003 -0.014 -0.006 0.004 0.005 0.012 0.021 -0.002 0.007 1.002 -0.009 -0.010 -0.013 -0.018 -0.016 -0.009 -0.012
0.000 -0.007 0.043 0.003 -0.004 -0.002 0.005 0.010 0.009 0.024 -0.012 -0.001 -0.009 1.003 0.014 0.016 0.021 0.019 0.014 0.015
0.000 -0.005 0.040 0.004 -0.007 -0.002 0.005 0.010 0.009 0.023 -0.008 0.001 -0.010 0.014 1.003 -0.025 -0.012 -0.016 -0.046 -0.031
-0.000 -0.004 0.037 0.004 -0.010 -0.003 0.004 0.008 0.010 0.022 -0.004 0.003 -0.013 0.016 -0.025 1.003 0.091 0.095 0.127 0.113
-0.001 -0.004 0.034 0.004 -0.013 -0.005 0.004 0.006 0.011 0.021 -0.002 0.006 -0.018 0.021 -0.012 0.091 1.011 -0.005 0.001 -0.002
-0.001 -0.004 0.035 0.004 -0.012 -0.004 0.004 0.007 0.011 0.022 -0.003 0.005 -0.016 0.019 -0.016 0.095 -0.005 1.012 0.025 0.026
0.000 -0.005 0.041 0.004 -0.006 -0.001 0.005 0.010 0.008 0.023 -0.009 -0.000 -0.009 0.014 -0.046 0.127 0.001 0.025 1.021 0.085
-0.000 -0.004 0.038 0.004 -0.009 -0.002 0.005 0.009 0.009 0.023 -0.005 0.002 -0.012 0.015 -0.031 0.113 -0.002 0.026 0.085 1.020
