1.000 -0.035 -0.129 -0.129 -0.114 -0.139 -0.093 -0.044 -0.098 -0.119 -0.126 -0.110 -0.076 -0.082 -0.071 -0.143 -0.063 -0.179 -0.151 -0.107 -0.174 -0.109 -0.206 -0.082 -0.077 -0.104 -0.091 -0.148 -0.060 -0.116
-0.035 1.001 0.005 0.004 0.014 0.010 0.003 0.010 0.006 0.004 0.011 0.010 0.010 0.003 0.003 0.015 0.002 0.013 0.007 0.004 0.011 0.004 0.014 0.011 0.003 0.005 0.003 0.012 0.002 0.010
-0.129 0.005 1.017 -0.002 -0.000 -0.001 -0.007 -0.008 -0.007 -0.004 -0.002 -0.004 -0.008 -0.008 -0.010 0.001 -0.010 0.005 0.000 -0.005 0.004 -0.005 0.015 -0.007 -0.009 -0.006 -0.007 0.000 -0.011 -0.004
-0.129 0.004 -0.002 1.017 -0.006 0.004 0.006 -0.013 0.003 0.009 0.001 -0.002 -0.007 0.005 0.003 -0.002 0.003 0.007 0.011 0.008 0.009 0.008 0.008 -0.006 0.005 0.005 0.006 0.003 0.002 0.000
-0.114 0.014 -0.000 -0.006 1.014 0.022 0.014 0.013 0.016 0.017 0.021 0.020 0.017 0.013 0.011 0.025 0.010 0.027 0.021 0.015 0.025 0.016 0.030 0.017 0.012 0.016 0.014 0.024 0.010 0.020
-0.139 0.010 -0.001 0.004 0.022 1.020 -0.001 -0.017 -0.003 0.002 -0.003 -0.005 -0.011 -0.003 -0.004 -0.004 -0.005 0.004 0.005 0.001 0.005 0.001 0.005 -0.010 -0.003 -0.001 -0.001 -0.000 -0.005 -0.004
-0.093 0.003 -0.007 0.006 0.014 -0.001 1.009 0.013 0.022 0.024 0.024 0.023 0.020 0.020 0.019 0.025 0.019 0.029 0.027 0.023 0.028 0.023 0.026 0.020 0.020 0.022 0.021 0.026 0.018 0.023
-0.044 0.010 -0.008 -0.013 0.013 -0.017 0.013 1.003 0.052 0.051 0.056 0.056 0.056 0.050 0.049 0.059 0.049 0.058 0.053 0.050 0.056 0.051 0.064 0.056 0.049 0.052 0.050 0.057 0.049 0.055
-0.098 0.006 -0.007 0.003 0.016 -0.003 0.022 0.052 1.013 0.019 0.019 0.018 0.014 0.015 0.014 0.020 0.014 0.024 0.022 0.018 0.024 0.018 0.024 0.015 0.015 0.017 0.016 0.021 0.013 0.018
-0.119 0.004 -0.004 0.009 0.017 0.002 0.024 0.051 0.019 1.017 0.021 0.020 0.016 0.014 0.013 0.024 0.012 0.027 0.023 0.017 0.026 0.018 0.033 0.017 0.014 0.017 0.016 0.024 0.012 0.020
-0.126 0.011 -0.002 0.001 0.021 -0.003 0.024 0.056 0.019 0.021 1.020 -0.011 -0.015 -0.013 -0.015 -0.008 -0.016 -0.003 -0.005 -0.010 -0.003 -0.010 -0.007 -0.015 -0.014 -0.011 -0.012 -0.006 -0.016 -0.010
-0.110 0.010 -0.004 -0.002 0.020 -0.005 0.023 0.056 0.018 0.020 -0.011 1.017 0.065 0.080 0.079 0.068 0.078 0.079 0.084 0.082 0.081 0.082 0.074 0.067 0.080 0.079 0.081 0.074 0.078 0.072
-0.076 0.010 -0.008 -0.007 0.017 -0.011 0.020 0.056 0.014 0.016 -0.015 0.065 1.013 0.005 0.004 0.029 0.003 0.025 0.013 0.007 0.020 0.007 0.037 0.021 0.004 0.009 0.006 0.022 0.003 0.018
-0.082 0.003 -0.008 0.005 0.013 -0.003 0.020 0.050 0.015 0.014 -0.013 0.080 0.005 1.015 0.033 0.041 0.033 0.043 0.040 0.036 0.043 0.037 0.046 0.036 0.034 0.036 0.035 0.041 0.033 0.038
-0.071 0.003 -0.010 0.003 0.011 -0.004 0.019 0.049 0.014 0.013 -0.015 0.079 0.004 0.033 1.013 0.040 0.026 0.040 0.034 0.029 0.039 0.029 0.034 0.035 0.027 0.030 0.028 0.039 0.026 0.036
-0.143 0.015 0.001 -0.002 0.025 -0.004 0.025 0.059 0.020 0.024 -0.008 0.068 0.029 0.041 0.040 1.029 0.019 0.032 0.030 0.025 0.032 0.025 0.048 0.019 0.020 0.024 0.023 0.027 0.018 0.023
-0.063 0.002 -0.010 0.003 0.010 -0.005 0.019 0.049 0.014 0.012 -0.016 0.078 0.003 0.033 0.026 0.019 1.013 0.016 0.014 0.011 0.015 0.011 0.018 0.010 0.009 0.011 0.010 0.014 0.008 0.012
-0.179 0.013 0.005 0.007 0.027 0.004 0.029 0.058 0.024 0.027 -0.003 0.079 0.025 0.043 0.040 0.032 0.016 1.040 0.026 0.014 0.035 0.015 0.068 0.027 0.009 0.016 0.012 0.034 0.006 0.027
-0.151 0.007 0.000 0.011 0.021 0.005 0.027 0.053 0.022 0.023 -0.005 0.084 0.013 0.040 0.034 0.030 0.014 0.026 1.031 0.046 0.056 0.046 0.060 0.041 0.041 0.045 0.044 0.051 0.039 0.046
-0.107 0.004 -0.005 0.008 0.015 0.001 0.023 0.050 0.018 0.017 -0.010 0.082 0.007 0.036 0.029 0.025 0.011 0.014 0.046 1.021 0.028 0.020 0.034 0.019 0.017 0.020 0.018 0.025 0.015 0.022
-0.174 0.011 0.004 0.009 0.025 0.005 0.028 0.056 0.024 0.026 -0.003 0.081 0.020 0.043 0.039 0.032 0.015 0.035 0.056 0.028 1.039 0.013 0.034 0.012 0.007 0.013 0.010 0.022 0.004 0.016
-0.109 0.004 -0.005 0.008 0.016 0.001 0.023 0.051 0.018 0.018 -0.010 0.082 0.007 0.037 0.029 0.025 0.011 0.015 0.046 0.020 0.013 1.021 0.047 0.038 0.036 0.039 0.037 0.046 0.034 0.042
-0.206 0.014 0.015 0.008 0.030 0.005 0.026 0.064 0.024 0.033 -0.007 0.074 0.037 0.046 0.034 0.048 0.018 0.068 0.060 0.034 0.034 0.047 1.052 -0.105 -0.073 -0.075 -0.071 -0.086 -0.077 -0.090
-0.082 0.011 -0.007 -0.006 0.017 -0.010 0.020 0.056 0.015 0.017 -0.015 0.067 0.021 0.036 0.035 0.019 0.010 0.027 0.041 0.019 0.012 0.038 -0.105 1.033 -0.015 -0.017 -0.015 -0.027 -0.017 -0.027
-0.077 0.003 -0.009 0.005 0.012 -0.003 0.020 0.049 0.015 0.014 -0.014 0.080 0.004 0.034 0.027 0.020 0.009 0.009 0.041 0.017 0.007 0.036 -0.073 -0.015 1.027 0.021 0.019 0.026 0.017 0.024
-0.104 0.005 -0.006 0.005 0.016 -0.001 0.022 0.052 0.017 0.017 -0.011 0.079 0.009 0.036 0.030 0.024 0.011 0.016 0.045 0.020 0.013 0.039 -0.075 -0.017 0.021 1.034 0.020 0.026 0.017 0.023
-0.091 0.003 -0.007 0.006 0.014 -0.001 0.021 0.050 0.016 0.016 -0.012 0.081 0.006 0.035 0.028 0.023 0.010 0.012 0.044 0.018 0.010 0.037 -0.071 -0.015 0.019 0.020 1.030 -0.000 -0.006 -0.003
-0.148 0.012 0.000 0.003 0.024 -0.000 0.026 0.057 0.021 0.024 -0.006 0.074 0.022 0.041 0.039 0.027 0.014 0.034 0.051 0.025 0.022 0.046 -0.086 -0.027 0.026 0.026 -0.000 1.053 0.003 0.025
-0.060 0.002 -0.011 0.002 0.010 -0.005 0.018 0.049 0.013 0.012 -0.016 0.078 0.003 0.033 0.026 0.018 0.008 0.006 0.039 0.015 0.004 0.034 -0.077 -0.017 0.017 0.017 -0.006 0.003 1.027 0.018
-0.116 0.010 -0.004 0.000 0.020 -0.004 0.023 0.055 0.018 0.020 -0.010 0.072 0.018 0.038 0.036 0.023 0.012 0.027 0.046 0.022 0.016 0.042 -0.090 -0.027 0.024 0.023 -0.003 0.025 0.018 1.044
