1.000 -0.320 -0.323 -0.382 -0.331 -0.413 -0.321 -0.373 -0.364 -0.343 -0.381 -0.341 -0.325 -0.339 -0.291 -0.422 -0.376 -0.280 -0.398 -0.349
-0.320 1.103 0.115 0.132 0.116 0.144 0.113 0.128 0.126 0.122 0.095 0.119 0.114 0.118 0.105 0.145 0.131 0.103 0.137 0.122
-0.323 0.115 1.104 0.115 0.107 0.126 0.102 0.114 0.116 0.108 0.128 0.109 0.105 0.109 0.089 0.128 0.119 0.083 0.127 0.111
-0.382 0.132 0.115 1.146 0.136 0.180 0.137 0.188 0.150 0.149 0.272 0.141 0.133 0.137 0.140 0.199 0.154 0.145 0.160 0.145
-0.331 0.116 0.107 0.136 1.110 0.139 0.111 0.122 0.126 0.118 0.113 0.119 0.115 0.119 0.098 0.138 0.130 0.093 0.138 0.121
-0.413 0.144 0.126 0.180 0.139 1.172 0.104 0.132 0.120 0.115 0.144 0.111 0.103 0.109 0.095 0.152 0.126 0.094 0.134 0.115
-0.321 0.113 0.102 0.137 0.111 0.104 1.104 0.094 0.106 0.095 0.073 0.098 0.095 0.099 0.074 0.112 0.110 0.066 0.118 0.100
-0.373 0.128 0.114 0.188 0.122 0.132 0.094 1.143 0.138 0.134 0.154 0.129 0.122 0.127 0.116 0.168 0.143 0.115 0.150 0.134
-0.364 0.126 0.116 0.150 0.126 0.120 0.106 0.138 1.134 0.116 0.122 0.116 0.110 0.115 0.095 0.143 0.129 0.090 0.137 0.119
-0.343 0.122 0.108 0.149 0.118 0.115 0.095 0.134 0.116 1.119 0.125 0.128 0.123 0.128 0.109 0.153 0.141 0.103 0.149 0.132
-0.381 0.095 0.128 0.272 0.113 0.144 0.073 0.154 0.122 0.125 1.166 0.127 0.124 0.127 0.112 0.148 0.138 0.107 0.145 0.129
-0.341 0.119 0.109 0.141 0.119 0.111 0.098 0.129 0.116 0.128 0.127 1.118 0.112 0.116 0.098 0.139 0.128 0.093 0.136 0.118
-0.325 0.114 0.105 0.133 0.115 0.103 0.095 0.122 0.110 0.123 0.124 0.112 1.107 0.109 0.091 0.131 0.120 0.086 0.128 0.111
-0.339 0.118 0.109 0.137 0.119 0.109 0.099 0.127 0.115 0.128 0.127 0.116 0.109 1.116 0.088 0.131 0.117 0.083 0.126 0.107
-0.291 0.105 0.089 0.140 0.098 0.095 0.074 0.116 0.095 0.109 0.112 0.098 0.091 0.088 1.087 0.146 0.128 0.103 0.136 0.120
-0.422 0.145 0.128 0.199 0.138 0.152 0.112 0.168 0.143 0.153 0.148 0.139 0.131 0.131 0.146 1.182 0.173 0.171 0.178 0.166
-0.376 0.131 0.119 0.154 0.130 0.126 0.110 0.143 0.129 0.141 0.138 0.128 0.120 0.117 0.128 0.173 1.144 0.104 0.147 0.130
-0.280 0.103 0.083 0.145 0.093 0.094 0.066 0.115 0.090 0.103 0.107 0.093 0.086 0.083 0.103 0.171 0.104 1.084 0.097 0.085
-0.398 0.137 0.127 0.160 0.138 0.134 0.118 0.150 0.137 0.149 0.145 0.136 0.128 0.126 0.136 0.178 0.147 0.097 1.161 0.142
-0.349 0.122 0.111 0.145 0.121 0.115 0.100 0.134 0.119 0.132 0.129 0.118 0.111 0.107 0.120 0.166 0.130 0.085 0.142 1.125
