1.000 -0.061 -0.019 -0.035 -0.019 -0.020 -0.022 -0.041 -0.062 -0.019 -0.019 -0.038 -0.023 -0.048 -0.019 -0.023 -0.032 -0.019 -0.024 -0.019
-0.061 1.004 -0.005 0.020 -0.005 -0.005 -0.003 0.031 0.059 -0.005 -0.005 0.025 -0.001 0.045 -0.005 -0.002 0.006 -0.005 0.002 -0.005
-0.019 -0.005 1.000 -0.001 -0.004 -0.003 -0.003 -0.001 0.001 -0.004 -0.004 -0.003 -0.003 0.000 -0.003 -0.003 0.000 -0.004 -0.003 -0.004
-0.035 0.020 -0.001 1.002 0.014 0.013 0.010 0.021 0.003 0.014 0.014 0.020 0.010 0.013 0.014 0.007 -0.002 0.014 0.013 0.015
-0.019 -0.005 -0.004 0.014 1.001 -0.003 -0.002 0.001 0.004 -0.003 -0.003 0.001 -0.001 0.002 -0.003 -0.001 0.002 -0.003 -0.002 -0.004
-0.020 -0.005 -0.003 0.013 -0.003 1.001 -0.004 -0.005 -0.005 -0.004 -0.004 -0.005 -0.004 -0.005 -0.004 -0.003 -0.003 -0.004 -0.004 -0.004
-0.022 -0.003 -0.003 0.010 -0.002 -0.004 1.001 0.095 0.102 0.020 0.020 0.087 0.030 0.088 0.020 0.027 0.038 0.020 0.035 0.020
-0.041 0.031 -0.001 0.021 0.001 -0.005 0.095 1.012 -0.030 -0.014 -0.013 -0.026 -0.006 -0.033 -0.013 -0.002 0.012 -0.013 -0.011 -0.014
-0.062 0.059 0.001 0.003 0.004 -0.005 0.102 -0.030 1.019 0.009 0.009 0.014 0.009 0.030 0.009 0.009 0.016 0.009 0.010 0.009
-0.019 -0.005 -0.004 0.014 -0.003 -0.004 0.020 -0.014 0.009 1.001 0.007 0.012 -0.004 -0.005 0.007 -0.010 -0.057 0.008 0.002 0.009
-0.019 -0.005 -0.004 0.014 -0.003 -0.004 0.020 -0.013 0.009 0.007 1.001 0.008 0.007 0.012 0.005 0.008 0.013 0.005 0.006 0.004
-0.038 0.025 -0.003 0.020 0.001 -0.005 0.087 -0.026 0.014 0.012 0.008 1.011 -0.032 -0.187 -0.026 -0.020 -0.021 -0.026 -0.052 -0.027
-0.023 -0.001 -0.003 0.010 -0.001 -0.004 0.030 -0.006 0.009 -0.004 0.007 -0.032 1.003 0.017 -0.010 -0.013 -0.018 -0.010 -0.007 -0.009
-0.048 0.045 0.000 0.013 0.002 -0.005 0.088 -0.033 0.030 -0.005 0.012 -0.187 0.017 1.054 0.015 0.005 0.009 0.014 0.042 0.016
-0.019 -0.005 -0.003 0.014 -0.003 -0.004 0.020 -0.013 0.009 0.007 0.005 -0.026 -0.010 0.015 1.002 0.003 0.008 -0.001 -0.001 -0.001
-0.023 -0.002 -0.003 0.007 -0.001 -0.003 0.027 -0.002 0.009 -0.010 0.008 -0.020 -0.013 0.005 0.003 1.002 0.003 -0.000 -0.008 -0.001
-0.032 0.006 0.000 -0.002 0.002 -0.003 0.038 0.012 0.016 -0.057 0.013 -0.021 -0.018 0.009 0.008 0.003 1.007 -0.007 0.004 -0.007
-0.019 -0.005 -0.004 0.014 -0.003 -0.004 0.020 -0.013 0.009 0.008 0.005 -0.026 -0.010 0.014 -0.001 -0.000 -0.007 1.002 -0.003 -0.003
-0.024 0.002 -0.003 0.013 -0.002 -0.004 0.035 -0.011 0.010 0.002 0.006 -0.052 -0.007 0.042 -0.001 -0.008 0.004 -0.003 1.006 -0.053
-0.019 -0.005 -0.004 0.015 -0.004 -0.004 0.020 -0.014 0.009 0.009 0.004 -0.027 -0.009 0.016 -0.001 -0.001 -0.007 -0.003 -0.053 1.006
