1.000 -1.126 -1.079 -1.113 -1.139 -1.104 -1.142 -1.128 -1.177 -1.119 -1.086 -1.054 -1.086 -1.133 -1.100 -1.171 -1.110 -1.086 -1.119 -1.134 -1.067 -1.101 -1.095 -1.124 -1.096 -1.100 -1.105 -1.175 -1.061 -1.116 -1.083 -1.087 -1.148 -1.032 -1.163 -1.079 -1.042 -1.143 -1.140 -1.102 -1.104 -1.151 -1.112 -1.108 -1.154 -1.091 -1.102 -1.092 -1.078 -1.077
-1.126 2.269 1.204 1.242 1.273 1.235 1.274 1.262 1.313 1.251 1.214 1.176 1.215 1.267 1.230 1.306 1.239 1.212 1.250 1.268 1.193 1.231 1.223 1.256 1.226 1.230 1.235 1.311 1.186 1.246 1.209 1.215 1.282 1.152 1.301 1.205 1.165 1.277 1.273 1.232 1.235 1.288 1.243 1.240 1.289 1.218 1.229 1.219 1.206 1.202
-1.079 1.204 2.165 1.204 1.219 1.184 1.231 1.209 1.265 1.199 1.165 1.142 1.165 1.215 1.180 1.262 1.195 1.175 1.203 1.215 1.145 1.180 1.176 1.208 1.175 1.180 1.189 1.266 1.143 1.199 1.172 1.165 1.235 1.114 1.246 1.165 1.120 1.230 1.228 1.181 1.183 1.233 1.191 1.187 1.246 1.176 1.192 1.180 1.156 1.162
-1.113 1.242 1.204 2.238 1.261 1.225 1.296 1.250 1.338 1.241 1.207 1.194 1.206 1.257 1.221 1.324 1.239 1.223 1.248 1.257 1.187 1.221 1.217 1.251 1.217 1.221 1.233 1.329 1.184 1.242 1.225 1.207 1.281 1.183 1.288 1.210 1.161 1.274 1.275 1.222 1.225 1.276 1.233 1.228 1.300 1.217 1.247 1.224 1.198 1.206
-1.139 1.273 1.219 1.261 2.297 1.256 1.296 1.283 1.336 1.272 1.235 1.198 1.236 1.289 1.252 1.330 1.262 1.234 1.273 1.290 1.214 1.252 1.245 1.278 1.247 1.252 1.257 1.335 1.208 1.269 1.232 1.237 1.305 1.171 1.323 1.228 1.186 1.300 1.296 1.253 1.256 1.309 1.265 1.261 1.312 1.240 1.252 1.242 1.227 1.225
-1.104 1.235 1.184 1.225 1.256 2.219 1.261 1.245 1.298 1.235 1.199 1.165 1.200 1.251 1.215 1.294 1.226 1.200 1.237 1.252 1.179 1.215 1.209 1.241 1.210 1.215 1.221 1.298 1.173 1.232 1.199 1.200 1.268 1.138 1.283 1.194 1.152 1.263 1.260 1.216 1.219 1.270 1.227 1.223 1.276 1.205 1.218 1.207 1.191 1.191
-1.142 1.274 1.231 1.296 1.296 1.261 2.304 1.292 1.367 1.283 1.247 1.228 1.247 1.299 1.263 1.360 1.279 1.261 1.289 1.299 1.227 1.263 1.257 1.292 1.258 1.262 1.273 1.364 1.223 1.283 1.261 1.248 1.322 1.204 1.331 1.249 1.201 1.316 1.316 1.264 1.267 1.318 1.275 1.271 1.339 1.258 1.283 1.264 1.239 1.246
-1.128 1.262 1.209 1.250 1.283 1.245 1.292 2.273 1.323 1.262 1.226 1.187 1.226 1.278 1.242 1.317 1.251 1.223 1.262 1.279 1.205 1.242 1.235 1.267 1.237 1.241 1.247 1.322 1.198 1.258 1.221 1.227 1.293 1.161 1.311 1.217 1.177 1.289 1.284 1.243 1.246 1.298 1.254 1.250 1.300 1.229 1.240 1.230 1.217 1.215
-1.177 1.313 1.265 1.338 1.336 1.298 1.367 1.323 2.386 1.312 1.275 1.226 1.276 1.327 1.292 1.355 1.294 1.261 1.306 1.329 1.255 1.292 1.283 1.312 1.288 1.291 1.291 1.361 1.244 1.304 1.259 1.277 1.336 1.211 1.361 1.257 1.225 1.332 1.324 1.293 1.296 1.348 1.304 1.301 1.337 1.271 1.278 1.269 1.268 1.256
-1.119 1.251 1.199 1.241 1.272 1.235 1.283 1.262 1.312 2.252 1.221 1.188 1.222 1.273 1.237 1.314 1.249 1.223 1.258 1.274 1.201 1.238 1.231 1.264 1.233 1.237 1.243 1.318 1.196 1.255 1.220 1.222 1.290 1.160 1.306 1.216 1.174 1.285 1.282 1.239 1.241 1.293 1.250 1.246 1.297 1.228 1.240 1.230 1.213 1.213
-1.086 1.214 1.165 1.207 1.235 1.199 1.247 1.226 1.275 1.221 2.179 1.144 1.177 1.227 1.192 1.266 1.202 1.177 1.210 1.228 1.156 1.192 1.185 1.217 1.187 1.191 1.196 1.270 1.150 1.208 1.174 1.177 1.241 1.123 1.259 1.169 1.129 1.237 1.233 1.193 1.196 1.246 1.204 1.201 1.249 1.182 1.194 1.183 1.168 1.167
-1.054 1.176 1.142 1.194 1.198 1.165 1.228 1.187 1.226 1.188 1.144 2.113 1.152 1.199 1.166 1.255 1.182 1.165 1.189 1.199 1.134 1.167 1.162 1.193 1.162 1.166 1.175 1.258 1.131 1.184 1.165 1.153 1.219 1.116 1.228 1.155 1.111 1.213 1.214 1.167 1.170 1.216 1.177 1.173 1.234 1.164 1.185 1.169 1.144 1.152
-1.086 1.215 1.165 1.206 1.236 1.200 1.247 1.226 1.276 1.222 1.177 1.152 2.181 1.229 1.195 1.237 1.197 1.158 1.209 1.231 1.159 1.195 1.187 1.216 1.190 1.194 1.195 1.240 1.150 1.208 1.151 1.180 1.237 1.062 1.262 1.162 1.131 1.234 1.226 1.196 1.199 1.249 1.207 1.204 1.229 1.178 1.165 1.173 1.171 1.159
-1.133 1.267 1.215 1.257 1.289 1.251 1.299 1.278 1.327 1.273 1.227 1.199 1.229 2.285 1.269 1.365 1.286 1.267 1.292 1.308 1.231 1.270 1.264 1.300 1.264 1.269 1.279 1.369 1.229 1.290 1.264 1.252 1.329 1.223 1.341 1.253 1.203 1.323 1.321 1.270 1.272 1.328 1.281 1.277 1.343 1.266 1.289 1.271 1.243 1.250
-1.100 1.230 1.180 1.221 1.252 1.215 1.263 1.242 1.292 1.237 1.192 1.166 1.195 1.269 2.212 1.284 1.223 1.195 1.230 1.251 1.175 1.214 1.207 1.239 1.208 1.213 1.217 1.289 1.170 1.230 1.189 1.198 1.263 1.137 1.284 1.187 1.148 1.259 1.254 1.215 1.217 1.271 1.226 1.222 1.268 1.203 1.210 1.203 1.188 1.185
-1.171 1.306 1.262 1.324 1.330 1.294 1.360 1.317 1.355 1.314 1.266 1.255 1.237 1.365 1.284 2.375 1.297 1.274 1.301 1.324 1.246 1.287 1.279 1.312 1.280 1.285 1.289 1.370 1.243 1.302 1.268 1.269 1.337 1.233 1.358 1.261 1.219 1.332 1.328 1.287 1.289 1.344 1.298 1.295 1.345 1.279 1.292 1.279 1.260 1.259
-1.110 1.239 1.195 1.239 1.262 1.226 1.279 1.251 1.294 1.249 1.202 1.182 1.197 1.286 1.223 1.297 2.233 1.215 1.246 1.263 1.190 1.227 1.221 1.253 1.221 1.226 1.233 1.308 1.186 1.244 1.211 1.211 1.279 1.154 1.294 1.206 1.164 1.274 1.271 1.227 1.230 1.281 1.238 1.234 1.287 1.220 1.231 1.222 1.202 1.204
-1.086 1.212 1.175 1.223 1.234 1.200 1.261 1.223 1.261 1.223 1.177 1.165 1.158 1.267 1.195 1.274 1.215 2.182 1.201 1.212 1.147 1.180 1.174 1.205 1.175 1.179 1.186 1.270 1.144 1.196 1.175 1.166 1.230 1.124 1.240 1.166 1.125 1.224 1.225 1.180 1.183 1.228 1.190 1.187 1.243 1.175 1.195 1.179 1.158 1.163
-1.119 1.250 1.203 1.248 1.273 1.237 1.289 1.262 1.306 1.258 1.210 1.189 1.209 1.292 1.230 1.301 1.246 1.201 2.253 1.285 1.211 1.248 1.239 1.269 1.244 1.247 1.247 1.279 1.200 1.260 1.190 1.233 1.290 1.069 1.318 1.210 1.181 1.288 1.277 1.249 1.252 1.304 1.260 1.257 1.274 1.226 1.201 1.219 1.224 1.207
-1.134 1.268 1.215 1.257 1.290 1.252 1.299 1.279 1.329 1.274 1.228 1.199 1.231 1.308 1.251 1.324 1.263 1.212 1.285 2.288 1.194 1.233 1.225 1.257 1.228 1.232 1.235 1.309 1.186 1.248 1.206 1.217 1.283 1.146 1.304 1.204 1.165 1.278 1.273 1.234 1.237 1.291 1.245 1.242 1.287 1.218 1.226 1.217 1.207 1.201
-1.067 1.193 1.145 1.187 1.214 1.179 1.227 1.205 1.255 1.201 1.156 1.134 1.159 1.231 1.175 1.246 1.190 1.147 1.211 1.194 2.140 1.171 1.165 1.196 1.166 1.170 1.177 1.253 1.130 1.188 1.156 1.156 1.223 1.100 1.238 1.150 1.109 1.217 1.215 1.172 1.175 1.225 1.183 1.179 1.231 1.161 1.175 1.164 1.147 1.147
-1.101 1.231 1.180 1.221 1.252 1.215 1.263 1.242 1.292 1.238 1.192 1.167 1.195 1.270 1.214 1.287 1.227 1.180 1.248 1.233 1.171 2.213 1.208 1.241 1.210 1.215 1.220 1.296 1.172 1.232 1.196 1.200 1.268 1.138 1.285 1.192 1.150 1.262 1.259 1.216 1.219 1.272 1.227 1.224 1.275 1.204 1.216 1.206 1.190 1.189
-1.095 1.223 1.176 1.217 1.245 1.209 1.257 1.235 1.283 1.231 1.185 1.162 1.187 1.264 1.207 1.279 1.221 1.174 1.239 1.225 1.165 1.208 2.200 1.225 1.196 1.201 1.204 1.273 1.156 1.216 1.173 1.186 1.250 1.115 1.272 1.172 1.134 1.246 1.240 1.202 1.205 1.258 1.213 1.210 1.253 1.187 1.193 1.186 1.176 1.170
-1.124 1.256 1.208 1.251 1.278 1.241 1.292 1.267 1.312 1.264 1.217 1.193 1.216 1.300 1.239 1.312 1.253 1.205 1.269 1.257 1.196 1.241 1.225 2.265 1.230 1.234 1.244 1.339 1.193 1.255 1.232 1.219 1.294 1.192 1.306 1.218 1.170 1.287 1.287 1.236 1.239 1.293 1.247 1.243 1.311 1.229 1.256 1.234 1.209 1.215
-1.096 1.226 1.175 1.217 1.247 1.210 1.258 1.237 1.288 1.233 1.187 1.162 1.190 1.264 1.208 1.280 1.221 1.175 1.244 1.228 1.166 1.210 1.196 1.230 2.204 1.219 1.226 1.320 1.176 1.237 1.214 1.203 1.276 1.186 1.291 1.199 1.153 1.269 1.268 1.220 1.223 1.277 1.231 1.227 1.292 1.212 1.239 1.217 1.193 1.197
-1.100 1.230 1.180 1.221 1.252 1.215 1.262 1.241 1.291 1.237 1.191 1.166 1.194 1.269 1.213 1.285 1.226 1.179 1.247 1.232 1.170 1.215 1.201 1.234 1.219 2.212 1.235 1.324 1.186 1.247 1.219 1.213 1.284 1.182 1.301 1.207 1.163 1.278 1.276 1.230 1.233 1.287 1.242 1.238 1.298 1.220 1.242 1.223 1.204 1.205
-1.105 1.235 1.189 1.233 1.257 1.221 1.273 1.247 1.291 1.243 1.196 1.175 1.195 1.279 1.217 1.289 1.233 1.186 1.247 1.235 1.177 1.220 1.204 1.244 1.226 1.235 2.224 1.295 1.170 1.232 1.192 1.200 1.268 1.135 1.289 1.188 1.148 1.263 1.258 1.217 1.220 1.275 1.229 1.226 1.274 1.201 1.212 1.202 1.191 1.186
-1.175 1.311 1.266 1.329 1.335 1.298 1.364 1.322 1.361 1.318 1.270 1.258 1.240 1.369 1.289 1.370 1.308 1.270 1.279 1.309 1.253 1.296 1.273 1.339 1.320 1.324 1.295 2.390 1.239 1.302 1.292 1.267 1.343 1.285 1.356 1.267 1.216 1.335 1.337 1.284 1.287 1.342 1.296 1.292 1.371 1.278 1.321 1.285 1.257 1.265
-1.061 1.186 1.143 1.184 1.208 1.173 1.223 1.198 1.244 1.196 1.150 1.131 1.150 1.229 1.170 1.243 1.186 1.144 1.200 1.186 1.130 1.172 1.156 1.193 1.176 1.186 1.170 1.239 2.129 1.183 1.140 1.154 1.215 1.075 1.235 1.141 1.107 1.211 1.205 1.170 1.173 1.222 1.180 1.177 1.215 1.154 1.156 1.152 1.146 1.139
-1.116 1.246 1.199 1.242 1.269 1.232 1.283 1.258 1.304 1.255 1.208 1.184 1.208 1.290 1.230 1.302 1.244 1.196 1.260 1.248 1.188 1.232 1.216 1.255 1.237 1.247 1.232 1.302 1.183 2.247 1.209 1.213 1.287 1.128 1.302 1.208 1.162 1.281 1.278 1.230 1.233 1.288 1.242 1.237 1.293 1.220 1.228 1.223 1.203 1.204
-1.083 1.209 1.172 1.225 1.232 1.199 1.261 1.221 1.259 1.220 1.174 1.165 1.151 1.264 1.189 1.268 1.211 1.175 1.190 1.206 1.156 1.196 1.173 1.232 1.214 1.219 1.192 1.292 1.140 1.209 2.181 1.177 1.246 1.126 1.257 1.176 1.132 1.240 1.239 1.193 1.195 1.245 1.203 1.199 1.257 1.185 1.203 1.189 1.169 1.172
-1.087 1.215 1.165 1.207 1.237 1.200 1.248 1.227 1.277 1.222 1.177 1.153 1.180 1.252 1.198 1.269 1.211 1.166 1.233 1.217 1.156 1.200 1.186 1.219 1.203 1.213 1.200 1.267 1.154 1.213 1.177 2.183 1.249 1.119 1.270 1.173 1.135 1.245 1.240 1.202 1.205 1.257 1.213 1.210 1.253 1.188 1.195 1.187 1.176 1.171
-1.148 1.282 1.235 1.281 1.305 1.268 1.322 1.293 1.336 1.290 1.241 1.219 1.237 1.329 1.263 1.337 1.279 1.230 1.290 1.283 1.223 1.268 1.250 1.294 1.276 1.284 1.268 1.343 1.215 1.287 1.246 1.249 2.320 1.177 1.331 1.233 1.190 1.307 1.303 1.259 1.262 1.317 1.271 1.267 1.320 1.246 1.258 1.247 1.232 1.230
-1.032 1.152 1.114 1.183 1.171 1.138 1.204 1.161 1.211 1.160 1.123 1.116 1.062 1.223 1.137 1.233 1.154 1.124 1.069 1.146 1.100 1.138 1.115 1.192 1.186 1.182 1.135 1.285 1.075 1.128 1.126 1.119 1.177 2.094 1.219 1.142 1.102 1.201 1.199 1.158 1.161 1.207 1.168 1.165 1.213 1.155 1.166 1.158 1.136 1.140
-1.163 1.301 1.246 1.288 1.323 1.283 1.331 1.311 1.361 1.306 1.259 1.228 1.262 1.341 1.284 1.358 1.294 1.240 1.318 1.304 1.238 1.285 1.272 1.306 1.291 1.301 1.289 1.356 1.235 1.302 1.257 1.270 1.331 1.219 2.357 1.266 1.219 1.337 1.335 1.287 1.290 1.346 1.299 1.295 1.357 1.281 1.302 1.284 1.260 1.263
-1.079 1.205 1.165 1.210 1.228 1.194 1.249 1.217 1.257 1.216 1.169 1.155 1.162 1.253 1.187 1.261 1.206 1.166 1.210 1.204 1.150 1.192 1.172 1.218 1.199 1.207 1.188 1.267 1.141 1.208 1.176 1.173 1.233 1.142 1.266 2.169 1.134 1.242 1.239 1.197 1.200 1.251 1.208 1.205 1.258 1.187 1.203 1.190 1.173 1.173
-1.042 1.165 1.120 1.161 1.186 1.152 1.201 1.177 1.225 1.174 1.129 1.111 1.131 1.203 1.148 1.219 1.164 1.125 1.181 1.165 1.109 1.150 1.134 1.170 1.153 1.163 1.148 1.216 1.107 1.162 1.132 1.135 1.190 1.102 1.219 1.134 2.089 1.183 1.178 1.142 1.144 1.193 1.152 1.149 1.191 1.129 1.135 1.129 1.118 1.113
-1.143 1.277 1.230 1.274 1.300 1.263 1.316 1.289 1.332 1.285 1.237 1.213 1.234 1.323 1.259 1.332 1.274 1.224 1.288 1.278 1.217 1.262 1.246 1.287 1.269 1.278 1.263 1.335 1.211 1.281 1.240 1.245 1.307 1.201 1.337 1.242 1.183 2.310 1.312 1.269 1.273 1.328 1.281 1.278 1.327 1.254 1.262 1.256 1.243 1.238
-1.140 1.273 1.228 1.275 1.296 1.260 1.316 1.284 1.324 1.282 1.233 1.214 1.226 1.321 1.254 1.328 1.271 1.225 1.277 1.273 1.215 1.259 1.240 1.287 1.268 1.276 1.258 1.337 1.205 1.278 1.239 1.240 1.303 1.199 1.335 1.239 1.178 1.312 2.303 1.248 1.252 1.301 1.259 1.254 1.350 1.254 1.303 1.267 1.224 1.246
-1.102 1.232 1.181 1.222 1.253 1.216 1.264 1.243 1.293 1.239 1.193 1.167 1.196 1.270 1.215 1.287 1.227 1.180 1.249 1.234 1.172 1.216 1.202 1.236 1.220 1.230 1.217 1.284 1.170 1.230 1.193 1.202 1.259 1.158 1.287 1.197 1.142 1.269 1.248 2.216 1.213 1.266 1.221 1.218 1.265 1.197 1.205 1.197 1.183 1.180
-1.104 1.235 1.183 1.225 1.256 1.219 1.267 1.246 1.296 1.241 1.196 1.170 1.199 1.272 1.217 1.289 1.230 1.183 1.252 1.237 1.175 1.219 1.205 1.239 1.223 1.233 1.220 1.287 1.173 1.233 1.195 1.205 1.262 1.161 1.290 1.200 1.144 1.273 1.252 1.213 2.222 1.272 1.227 1.224 1.279 1.207 1.222 1.210 1.190 1.192
-1.151 1.288 1.233 1.276 1.309 1.270 1.318 1.298 1.348 1.293 1.246 1.216 1.249 1.328 1.271 1.344 1.281 1.228 1.304 1.291 1.225 1.272 1.258 1.293 1.277 1.287 1.275 1.342 1.222 1.288 1.245 1.257 1.317 1.207 1.346 1.251 1.193 1.328 1.301 1.266 1.272 2.329 1.288 1.285 1.338 1.266 1.278 1.267 1.250 1.249
-1.112 1.243 1.191 1.233 1.265 1.227 1.275 1.254 1.304 1.250 1.204 1.177 1.207 1.281 1.226 1.298 1.238 1.190 1.260 1.245 1.183 1.227 1.213 1.247 1.231 1.242 1.229 1.296 1.180 1.242 1.203 1.213 1.271 1.168 1.299 1.208 1.152 1.281 1.259 1.221 1.227 1.288 2.239 1.242 1.273 1.213 1.211 1.210 1.208 1.195
-1.108 1.240 1.187 1.228 1.261 1.223 1.271 1.250 1.301 1.246 1.201 1.173 1.204 1.277 1.222 1.295 1.234 1.187 1.257 1.242 1.179 1.224 1.210 1.243 1.227 1.238 1.226 1.292 1.177 1.237 1.199 1.210 1.267 1.165 1.295 1.205 1.149 1.278 1.254 1.218 1.224 1.285 1.242 2.232 1.307 1.247 1.246 1.244 1.237 1.228
-1.154 1.289 1.246 1.300 1.312 1.276 1.339 1.300 1.337 1.297 1.249 1.234 1.229 1.343 1.268 1.345 1.287 1.243 1.274 1.287 1.231 1.275 1.253 1.311 1.292 1.298 1.274 1.371 1.215 1.293 1.257 1.253 1.320 1.213 1.357 1.258 1.191 1.327 1.350 1.265 1.279 1.338 1.273 1.307 2.342 1.214 1.227 1.212 1.201 1.194
-1.091 1.218 1.176 1.217 1.240 1.205 1.258 1.229 1.271 1.228 1.182 1.164 1.178 1.266 1.203 1.279 1.220 1.175 1.226 1.218 1.161 1.204 1.187 1.229 1.212 1.220 1.201 1.278 1.154 1.220 1.185 1.188 1.246 1.155 1.281 1.187 1.129 1.254 1.254 1.197 1.207 1.266 1.213 1.247 1.214 2.197 1.205 1.200 1.194 1.186
-1.102 1.229 1.192 1.247 1.252 1.218 1.283 1.240 1.278 1.240 1.194 1.185 1.165 1.289 1.210 1.292 1.231 1.195 1.201 1.226 1.175 1.216 1.193 1.256 1.239 1.242 1.212 1.321 1.156 1.228 1.203 1.195 1.258 1.166 1.302 1.203 1.135 1.262 1.303 1.205 1.222 1.278 1.211 1.246 1.227 1.205 2.230 1.201 1.190 1.187
-1.092 1.219 1.180 1.224 1.242 1.207 1.264 1.230 1.269 1.230 1.183 1.169 1.173 1.271 1.203 1.279 1.222 1.179 1.219 1.217 1.164 1.206 1.186 1.234 1.217 1.223 1.202 1.285 1.152 1.223 1.189 1.187 1.247 1.158 1.284 1.190 1.129 1.256 1.267 1.197 1.210 1.267 1.210 1.244 1.212 1.200 1.201 2.202 1.224 1.215
-1.078 1.206 1.156 1.198 1.227 1.191 1.239 1.217 1.268 1.213 1.168 1.144 1.171 1.243 1.188 1.260 1.202 1.158 1.224 1.207 1.147 1.190 1.176 1.209 1.193 1.204 1.191 1.257 1.146 1.203 1.169 1.176 1.232 1.136 1.260 1.173 1.118 1.243 1.224 1.183 1.190 1.250 1.208 1.237 1.201 1.194 1.190 1.224 2.171 1.135
-1.077 1.202 1.162 1.206 1.225 1.191 1.246 1.215 1.256 1.213 1.167 1.152 1.159 1.250 1.185 1.259 1.204 1.163 1.207 1.201 1.147 1.189 1.170 1.215 1.197 1.205 1.186 1.265 1.139 1.204 1.172 1.171 1.230 1.140 1.263 1.173 1.113 1.238 1.246 1.180 1.192 1.249 1.195 1.228 1.194 1.186 1.187 1.215 1.135 2.170
