1.000 0.043 0.047 0.044 0.044 0.048 0.047 0.044 0.044 0.052 0.048 0.052 0.057 0.044 0.043 0.051 0.043 0.047 0.059 0.044 0.044 0.046 0.044 0.048 0.044 0.054 0.044 0.043 0.048 0.049
0.043 1.002 -0.033 -0.039 -0.038 -0.031 -0.032 -0.039 -0.038 -0.024 -0.032 -0.024 -0.017 -0.039 -0.039 -0.026 -0.039 -0.033 -0.012 -0.038 -0.038 -0.034 -0.038 -0.031 -0.038 -0.021 -0.038 -0.039 -0.031 -0.030
0.047 -0.033 1.003 0.003 0.003 0.002 0.002 0.003 0.003 0.002 0.002 0.002 0.002 0.003 0.003 0.002 0.003 0.003 0.002 0.003 0.003 0.003 0.003 0.002 0.003 0.002 0.003 0.003 0.002 0.002
0.044 -0.039 0.003 1.004 -0.076 -0.065 -0.067 -0.076 -0.075 -0.056 -0.066 -0.056 -0.045 -0.076 -0.076 -0.058 -0.076 -0.069 -0.039 -0.076 -0.076 -0.070 -0.076 -0.065 -0.075 -0.051 -0.076 -0.077 -0.066 -0.064
0.044 -0.038 0.003 -0.076 1.010 0.010 0.010 0.011 0.011 0.008 0.010 0.008 0.007 0.011 0.011 0.009 0.011 0.010 0.006 0.011 0.011 0.010 0.011 0.010 0.011 0.008 0.011 0.011 0.010 0.009
0.048 -0.031 0.002 -0.065 0.010 1.008 0.042 0.048 0.047 0.035 0.042 0.035 0.027 0.048 0.048 0.036 0.049 0.043 0.023 0.048 0.048 0.044 0.048 0.041 0.047 0.032 0.048 0.049 0.041 0.040
0.047 -0.032 0.002 -0.067 0.010 0.042 1.010 0.008 0.008 0.006 0.007 0.006 0.005 0.008 0.008 0.006 0.008 0.007 0.004 0.008 0.008 0.007 0.008 0.007 0.008 0.005 0.008 0.008 0.007 0.007
0.044 -0.039 0.003 -0.076 0.011 0.048 0.008 1.011 0.011 0.009 0.010 0.009 0.008 0.011 0.011 0.009 0.011 0.010 0.007 0.011 0.011 0.010 0.011 0.010 0.011 0.008 0.011 0.011 0.010 0.010
0.044 -0.038 0.003 -0.075 0.011 0.047 0.008 0.011 1.011 0.002 0.003 0.002 0.001 0.004 0.004 0.002 0.004 0.003 0.000 0.004 0.004 0.003 0.004 0.003 0.004 0.001 0.004 0.004 0.003 0.003
0.052 -0.024 0.002 -0.056 0.008 0.035 0.006 0.009 0.002 1.008 -0.034 -0.021 -0.009 -0.046 -0.046 -0.024 -0.046 -0.037 -0.001 -0.046 -0.046 -0.039 -0.046 -0.033 -0.044 -0.016 -0.046 -0.047 -0.033 -0.032
0.048 -0.032 0.002 -0.066 0.010 0.042 0.007 0.010 0.003 -0.034 1.011 0.046 0.032 0.072 0.073 0.049 0.073 0.063 0.025 0.072 0.072 0.065 0.072 0.058 0.071 0.040 0.072 0.073 0.059 0.057
0.052 -0.024 0.002 -0.056 0.008 0.035 0.006 0.009 0.002 -0.021 0.046 1.010 -0.042 -0.073 -0.074 -0.055 -0.074 -0.066 -0.035 -0.073 -0.073 -0.067 -0.073 -0.062 -0.072 -0.048 -0.073 -0.074 -0.063 -0.061
0.057 -0.017 0.002 -0.045 0.007 0.027 0.005 0.008 0.001 -0.009 0.032 -0.042 1.010 0.038 0.039 0.030 0.039 0.035 0.022 0.038 0.038 0.036 0.038 0.034 0.038 0.027 0.038 0.039 0.034 0.033
0.044 -0.039 0.003 -0.076 0.011 0.048 0.008 0.011 0.004 -0.046 0.072 -0.073 0.038 1.026 0.075 0.064 0.076 0.071 0.051 0.075 0.075 0.071 0.075 0.068 0.074 0.059 0.075 0.076 0.068 0.068
0.043 -0.039 0.003 -0.076 0.011 0.048 0.008 0.011 0.004 -0.046 0.073 -0.074 0.039 0.075 1.029 0.021 0.027 0.025 0.015 0.027 0.027 0.025 0.027 0.023 0.026 0.019 0.027 0.027 0.024 0.023
0.051 -0.026 0.002 -0.058 0.009 0.036 0.006 0.009 0.002 -0.024 0.049 -0.055 0.030 0.064 0.021 1.017 0.047 0.047 0.046 0.047 0.047 0.047 0.047 0.047 0.047 0.047 0.047 0.047 0.047 0.047
0.043 -0.039 0.003 -0.076 0.011 0.049 0.008 0.011 0.004 -0.046 0.073 -0.074 0.039 0.076 0.027 0.047 1.029 0.026 0.016 0.029 0.029 0.027 0.029 0.025 0.028 0.021 0.029 0.029 0.025 0.025
0.047 -0.033 0.003 -0.069 0.010 0.043 0.007 0.010 0.003 -0.037 0.063 -0.066 0.035 0.071 0.025 0.047 0.026 1.024 0.063 0.090 0.090 0.086 0.090 0.082 0.089 0.072 0.090 0.091 0.082 0.082
0.059 -0.012 0.002 -0.039 0.006 0.023 0.004 0.007 0.000 -0.001 0.025 -0.035 0.022 0.051 0.015 0.046 0.016 0.063 1.013 0.025 0.025 0.018 0.025 0.013 0.023 -0.002 0.025 0.026 0.014 0.012
0.044 -0.038 0.003 -0.076 0.011 0.048 0.008 0.011 0.004 -0.046 0.072 -0.073 0.038 0.075 0.027 0.047 0.029 0.090 0.025 1.033 -0.018 -0.014 -0.018 -0.010 -0.017 0.002 -0.018 -0.019 -0.010 -0.009
0.044 -0.038 0.003 -0.076 0.011 0.048 0.008 0.011 0.004 -0.046 0.072 -0.073 0.038 0.075 0.027 0.047 0.029 0.090 0.025 -0.018 1.036 0.028 0.031 0.026 0.030 0.019 0.031 0.031 0.026 0.025
0.046 -0.034 0.003 -0.070 0.010 0.044 0.007 0.010 0.003 -0.039 0.065 -0.067 0.036 0.071 0.025 0.047 0.027 0.086 0.018 -0.014 0.028 1.031 -0.075 -0.056 -0.073 -0.031 -0.075 -0.076 -0.057 -0.054
0.044 -0.038 0.003 -0.076 0.011 0.048 0.008 0.011 0.004 -0.046 0.072 -0.073 0.038 0.075 0.027 0.047 0.029 0.090 0.025 -0.018 0.031 -0.075 1.048 -0.015 -0.033 0.013 -0.036 -0.037 -0.015 -0.012
0.048 -0.031 0.002 -0.065 0.010 0.041 0.007 0.010 0.003 -0.033 0.058 -0.062 0.034 0.068 0.023 0.047 0.025 0.082 0.013 -0.010 0.026 -0.056 -0.015 1.037 -0.127 -0.057 -0.131 -0.133 -0.100 -0.095
0.044 -0.038 0.003 -0.075 0.011 0.047 0.008 0.011 0.004 -0.044 0.071 -0.072 0.038 0.074 0.026 0.047 0.028 0.089 0.023 -0.017 0.030 -0.073 -0.033 -0.127 1.081 -0.031 0.003 0.005 -0.011 -0.013
0.054 -0.021 0.002 -0.051 0.008 0.032 0.005 0.008 0.001 -0.016 0.040 -0.048 0.027 0.059 0.019 0.047 0.021 0.072 -0.002 0.002 0.019 -0.031 0.013 -0.057 -0.031 1.035 0.150 0.151 0.135 0.133
0.044 -0.038 0.003 -0.076 0.011 0.048 0.008 0.011 0.004 -0.046 0.072 -0.073 0.038 0.075 0.027 0.047 0.029 0.090 0.025 -0.018 0.031 -0.075 -0.036 -0.131 0.003 0.150 1.101 -0.116 -0.080 -0.075
0.043 -0.039 0.003 -0.077 0.011 0.049 0.008 0.011 0.004 -0.047 0.073 -0.074 0.039 0.076 0.027 0.047 0.029 0.091 0.026 -0.019 0.031 -0.076 -0.037 -0.133 0.005 0.151 -0.116 1.151 0.037 0.034
0.048 -0.031 0.002 -0.066 0.010 0.041 0.007 0.010 0.003 -0.033 0.059 -0.063 0.034 0.068 0.024 0.047 0.025 0.082 0.014 -0.010 0.026 -0.057 -0.015 -0.100 -0.011 0.135 -0.080 0.037 1.105 0.153
0.049 -0.030 0.002 -0.064 0.009 0.040 0.007 0.010 0.003 -0.032 0.057 -0.061 0.033 0.068 0.023 0.047 0.025 0.082 0.012 -0.009 0.025 -0.054 -0.012 -0.095 -0.013 0.133 -0.075 0.034 0.153 1.101
