1.000 -0.009 -0.009 -0.008 -0.005 -0.009 -0.009 -0.005 -0.006 -0.009 -0.009 -0.009 -0.007 -0.006 -0.006 -0.005 -0.007 -0.007 -0.005 -0.006
-0.009 1.000 -0.007 -0.004 0.005 -0.006 -0.007 0.007 -0.000 -0.006 -0.006 -0.006 -0.000 0.011 0.003 0.007 -0.002 0.012 0.010 0.009
-0.009 -0.007 1.000 -0.006 -0.004 -0.006 -0.007 -0.003 -0.004 -0.006 -0.007 -0.007 -0.004 -0.005 -0.004 -0.003 -0.005 -0.006 -0.004 -0.005
-0.008 -0.004 -0.006 1.000 0.004 0.011 0.011 0.001 0.009 0.011 0.011 0.011 0.009 -0.007 0.006 0.002 0.010 -0.013 -0.006 -0.007
-0.005 0.005 -0.004 0.004 1.000 -0.005 -0.004 -0.019 -0.011 -0.005 -0.005 -0.005 -0.011 -0.025 -0.014 -0.019 -0.009 -0.028 -0.025 -0.025
-0.009 -0.006 -0.006 0.011 -0.005 1.000 -0.010 0.007 -0.003 -0.010 -0.010 -0.010 -0.003 0.013 0.002 0.007 -0.005 0.014 0.012 0.011
-0.009 -0.007 -0.007 0.011 -0.004 -0.010 1.000 -0.005 -0.011 -0.008 -0.008 -0.008 -0.010 0.004 -0.009 -0.005 -0.011 0.009 0.003 0.004
-0.005 0.007 -0.003 0.001 -0.019 0.007 -0.005 1.001 -0.009 -0.015 -0.015 -0.015 -0.009 0.007 -0.005 0.001 -0.011 0.011 0.007 0.007
-0.006 -0.000 -0.004 0.009 -0.011 -0.003 -0.011 -0.009 1.000 0.002 0.001 0.001 0.014 0.029 0.018 0.023 0.012 0.030 0.026 0.025
-0.009 -0.006 -0.006 0.011 -0.005 -0.010 -0.008 -0.015 0.002 1.001 -0.010 -0.010 -0.002 0.009 0.001 0.005 -0.003 0.009 0.007 0.006
-0.009 -0.006 -0.007 0.011 -0.005 -0.010 -0.008 -0.015 0.001 -0.010 1.001 0.006 0.004 -0.003 0.003 0.000 0.005 -0.005 -0.003 -0.003
-0.009 -0.006 -0.007 0.011 -0.005 -0.010 -0.008 -0.015 0.001 -0.010 0.006 1.001 -0.001 0.002 -0.000 0.001 -0.001 0.003 0.003 0.002
-0.007 -0.000 -0.004 0.009 -0.011 -0.003 -0.010 -0.009 0.014 -0.002 0.004 -0.001 1.001 -0.005 -0.001 -0.003 0.001 -0.007 -0.006 -0.006
-0.006 0.011 -0.005 -0.007 -0.025 0.013 0.004 0.007 0.029 0.009 -0.003 0.002 -0.005 1.002 0.003 0.007 -0.001 0.010 0.010 0.009
-0.006 0.003 -0.004 0.006 -0.014 0.002 -0.009 -0.005 0.018 0.001 0.003 -0.000 -0.001 0.003 1.001 0.002 0.009 -0.008 -0.004 -0.004
-0.005 0.007 -0.003 0.002 -0.019 0.007 -0.005 0.001 0.023 0.005 0.000 0.001 -0.003 0.007 0.002 1.001 0.001 -0.010 -0.008 -0.008
-0.007 -0.002 -0.005 0.010 -0.009 -0.005 -0.011 -0.011 0.012 -0.003 0.005 -0.001 0.001 -0.001 0.009 0.001 1.001 0.016 0.015 0.016
-0.007 0.012 -0.006 -0.013 -0.028 0.014 0.009 0.011 0.030 0.009 -0.005 0.003 -0.007 0.010 -0.008 -0.010 0.016 1.003 0.017 0.017
-0.005 0.010 -0.004 -0.006 -0.025 0.012 0.003 0.007 0.026 0.007 -0.003 0.003 -0.006 0.010 -0.004 -0.008 0.015 0.017 1.002 -0.001
-0.006 0.009 -0.005 -0.007 -0.025 0.011 0.004 0.007 0.025 0.006 -0.003 0.002 -0.006 0.009 -0.004 -0.008 0.016 0.017 -0.001 1.002
