1.000 -0.080 -0.081 -0.081 -0.060 0.019 -0.081 0.037 -0.072 -0.096
-0.080 1.006 -0.182 -0.185 -0.114 0.013 -0.182 0.020 -0.290 -0.255
-0.081 -0.182 1.042 -0.293 -0.249 -0.167 -0.291 -0.161 -0.338 -0.354
-0.081 -0.185 -0.293 1.156 -0.140 -0.070 -0.178 -0.074 -0.272 -0.222
-0.060 -0.114 -0.249 -0.140 1.162 0.301 0.606 0.291 0.740 0.722
0.019 0.013 -0.167 -0.070 0.301 1.094 0.575 0.285 0.653 0.631
-0.081 -0.182 -0.291 -0.178 0.606 0.575 1.578 0.285 0.155 0.144
0.037 0.020 -0.161 -0.074 0.291 0.285 0.285 1.128 0.962 0.880
-0.072 -0.290 -0.338 -0.272 0.740 0.653 0.155 0.962 2.652 0.819
-0.096 -0.255 -0.354 -0.222 0.722 0.631 0.144 0.880 0.819 3.016
