1.000 -0.005 0.005 0.001 -0.004 0.004 0.003 0.005 -0.003 0.002 0.004 -0.004 -0.001 0.004 0.005 0.000 0.005 0.001 -0.001 0.005
-0.005 1.000 0.006 0.000 -0.010 0.006 0.003 0.007 -0.007 0.002 0.006 -0.008 -0.004 0.006 0.006 -0.001 0.006 0.000 -0.003 0.006
0.005 0.006 1.000 -0.000 -0.001 -0.001 -0.000 -0.001 -0.000 -0.000 -0.001 -0.000 -0.000 -0.001 -0.001 -0.000 -0.001 -0.000 -0.000 -0.001
0.001 0.000 -0.000 1.000 -0.003 -0.006 -0.005 -0.006 -0.003 -0.005 -0.006 -0.003 -0.004 -0.006 -0.006 -0.004 -0.006 -0.004 -0.004 -0.006
-0.004 -0.010 -0.001 -0.003 1.000 -0.008 -0.005 -0.009 0.003 -0.004 -0.008 0.003 0.000 -0.008 -0.008 -0.001 -0.008 -0.003 -0.000 -0.009
0.004 0.006 -0.001 -0.006 -0.008 1.000 -0.001 -0.001 -0.001 -0.001 -0.001 -0.000 -0.001 -0.001 -0.001 -0.001 -0.001 -0.001 -0.001 -0.001
0.003 0.003 -0.000 -0.005 -0.005 -0.001 1.000 0.013 0.025 0.015 0.013 0.027 0.020 0.013 0.013 0.017 0.013 0.016 0.019 0.013
0.005 0.007 -0.001 -0.006 -0.009 -0.001 0.013 1.000 0.001 0.001 0.001 0.001 0.001 0.000 0.001 0.001 0.001 0.001 0.001 0.001
-0.003 -0.007 -0.000 -0.003 0.003 -0.001 0.025 0.001 1.001 -0.019 -0.022 -0.008 -0.014 -0.022 -0.022 -0.016 -0.022 -0.017 -0.014 -0.022
0.002 0.002 -0.000 -0.005 -0.004 -0.001 0.015 0.001 -0.019 1.001 0.000 0.003 0.003 0.000 0.000 0.002 -0.000 0.002 0.002 -0.000
0.004 0.006 -0.001 -0.006 -0.008 -0.001 0.013 0.001 -0.022 0.000 1.001 -0.038 -0.035 -0.024 -0.023 -0.033 -0.024 -0.031 -0.034 -0.023
-0.004 -0.008 -0.000 -0.003 0.003 -0.000 0.027 0.001 -0.008 0.003 -0.038 1.002 0.010 0.009 0.009 0.010 0.009 0.010 0.010 0.009
-0.001 -0.004 -0.000 -0.004 0.000 -0.001 0.020 0.001 -0.014 0.003 -0.035 0.010 1.002 0.011 0.011 0.012 0.011 0.012 0.013 0.011
0.004 0.006 -0.001 -0.006 -0.008 -0.001 0.013 0.000 -0.022 0.000 -0.024 0.009 0.011 1.002 -0.013 -0.005 -0.013 -0.006 -0.002 -0.013
0.005 0.006 -0.001 -0.006 -0.008 -0.001 0.013 0.001 -0.022 0.000 -0.023 0.009 0.011 -0.013 1.002 0.011 0.016 0.012 0.010 0.017
0.000 -0.001 -0.000 -0.004 -0.001 -0.001 0.017 0.001 -0.016 0.002 -0.033 0.010 0.012 -0.005 0.011 1.002 0.015 0.012 0.009 0.016
0.005 0.006 -0.001 -0.006 -0.008 -0.001 0.013 0.001 -0.022 -0.000 -0.024 0.009 0.011 -0.013 0.016 0.015 1.002 0.005 0.006 0.003
0.001 0.000 -0.000 -0.004 -0.003 -0.001 0.016 0.001 -0.017 0.002 -0.031 0.010 0.012 -0.006 0.012 0.012 0.005 1.002 -0.035 0.028
-0.001 -0.003 -0.000 -0.004 -0.000 -0.001 0.019 0.001 -0.014 0.002 -0.034 0.010 0.013 -0.002 0.010 0.009 0.006 -0.035 1.003 0.005
0.005 0.006 -0.001 -0.006 -0.009 -0.001 0.013 0.001 -0.022 -0.000 -0.023 0.009 0.011 -0.013 0.017 0.016 0.003 0.028 0.005 1.003
