1.000 -0.000 0.010 0.006 0.001 0.010 0.009 0.010 0.002 0.008 0.010 0.002 0.005 0.010 0.010 0.006 0.010 0.007 0.004 0.010
-0.000 1.000 0.004 -0.001 -0.009 0.004 0.002 0.004 -0.007 0.001 0.004 -0.006 -0.002 0.004 0.004 -0.001 0.004 0.000 -0.004 0.004
0.010 0.004 1.000 0.001 0.001 0.001 0.001 0.001 0.001 0.001 0.001 0.001 0.001 0.001 0.001 0.001 0.001 0.001 0.001 0.001
0.006 -0.001 0.001 1.000 0.001 -0.004 -0.003 -0.004 0.000 -0.003 -0.004 -0.001 -0.002 -0.004 -0.004 -0.002 -0.004 -0.003 -0.001 -0.004
0.001 -0.009 0.001 0.001 1.000 -0.014 -0.011 -0.014 0.000 -0.010 -0.014 -0.001 -0.005 -0.014 -0.014 -0.007 -0.015 -0.008 -0.003 -0.014
0.010 0.004 0.001 -0.004 -0.014 1.000 -0.001 -0.001 -0.003 -0.002 -0.001 -0.003 -0.002 -0.001 -0.001 -0.002 -0.001 -0.002 -0.003 -0.001
0.009 0.002 0.001 -0.003 -0.011 -0.001 1.000 0.016 0.035 0.020 0.016 0.033 0.026 0.017 0.016 0.023 0.016 0.022 0.029 0.016
0.010 0.004 0.001 -0.004 -0.014 -0.001 0.016 1.001 -0.002 -0.002 -0.002 -0.002 -0.002 -0.002 -0.002 -0.002 -0.002 -0.002 -0.002 -0.002
0.002 -0.007 0.001 0.000 0.000 -0.003 0.035 -0.002 1.001 -0.013 -0.015 -0.001 -0.009 -0.015 -0.015 -0.010 -0.015 -0.012 -0.005 -0.015
0.008 0.001 0.001 -0.003 -0.010 -0.002 0.020 -0.002 -0.013 1.001 0.008 0.007 0.008 0.008 0.008 0.008 0.008 0.008 0.008 0.008
0.010 0.004 0.001 -0.004 -0.014 -0.001 0.016 -0.002 -0.015 0.008 1.001 -0.036 -0.031 -0.019 -0.019 -0.028 -0.018 -0.027 -0.032 -0.018
0.002 -0.006 0.001 -0.001 -0.001 -0.003 0.033 -0.002 -0.001 0.007 -0.036 1.003 0.006 0.006 0.006 0.006 0.006 0.006 0.007 0.006
0.005 -0.002 0.001 -0.002 -0.005 -0.002 0.026 -0.002 -0.009 0.008 -0.031 0.006 1.002 0.011 0.011 0.009 0.011 0.010 0.008 0.011
0.010 0.004 0.001 -0.004 -0.014 -0.001 0.017 -0.002 -0.015 0.008 -0.019 0.006 0.011 1.001 -0.015 -0.010 -0.015 -0.010 -0.006 -0.015
0.010 0.004 0.001 -0.004 -0.014 -0.001 0.016 -0.002 -0.015 0.008 -0.019 0.006 0.011 -0.015 1.002 0.025 0.038 0.027 0.018 0.038
0.006 -0.001 0.001 -0.002 -0.007 -0.002 0.023 -0.002 -0.010 0.008 -0.028 0.006 0.009 -0.010 0.025 1.002 0.019 0.017 0.013 0.019
0.010 0.004 0.001 -0.004 -0.015 -0.001 0.016 -0.002 -0.015 0.008 -0.018 0.006 0.011 -0.015 0.038 0.019 1.003 -0.000 0.001 0.001
0.007 0.000 0.001 -0.003 -0.008 -0.002 0.022 -0.002 -0.012 0.008 -0.027 0.006 0.010 -0.010 0.027 0.017 -0.000 1.003 -0.029 0.053
0.004 -0.004 0.001 -0.001 -0.003 -0.003 0.029 -0.002 -0.005 0.008 -0.032 0.007 0.008 -0.006 0.018 0.013 0.001 -0.029 1.004 0.026
0.010 0.004 0.001 -0.004 -0.014 -0.001 0.016 -0.002 -0.015 0.008 -0.018 0.006 0.011 -0.015 0.038 0.019 0.001 0.053 0.026 1.006
