1.000 0.003 0.003 0.003 0.002 0.003 0.003 0.003 0.003 0.003 0.003 0.003 0.003 0.002 0.003 0.003 0.003 0.002 0.003 0.002 0.002 0.003 0.002 0.003 0.004 0.002 0.003 0.002 0.003 0.002
0.003 1.000 0.001 0.001 0.005 0.002 0.002 0.001 0.001 0.002 0.001 0.002 0.003 0.004 0.001 0.001 0.001 0.004 0.002 0.003 0.003 0.002 0.004 0.001 0.002 0.003 0.002 0.003 0.001 0.006
0.003 0.001 1.000 0.015 -0.004 -0.007 0.039 0.039 0.026 0.059 0.019 0.034 0.008 0.086 0.031 0.045 0.036 0.029 0.025 0.032 0.036 0.018 0.060 0.028 0.004 0.037 0.020 0.077 0.049 0.041
0.003 0.001 0.015 1.000 -0.002 -0.002 -0.002 -0.002 -0.002 -0.002 -0.002 -0.002 -0.002 -0.002 -0.002 -0.002 -0.002 -0.002 -0.002 -0.002 -0.002 -0.002 -0.002 -0.002 -0.002 -0.002 -0.002 -0.002 -0.002 -0.002
0.002 0.005 -0.004 -0.002 1.000 0.014 0.016 0.016 0.016 0.016 0.016 0.015 0.014 0.012 0.016 0.016 0.016 0.012 0.015 0.013 0.013 0.015 0.012 0.016 0.016 0.014 0.015 0.013 0.016 0.010
0.003 0.002 -0.007 -0.002 0.014 1.000 0.027 0.027 0.026 0.028 0.026 0.028 0.029 0.032 0.026 0.026 0.026 0.031 0.028 0.031 0.030 0.028 0.031 0.026 0.026 0.030 0.028 0.032 0.027 0.034
0.003 0.002 0.039 -0.002 0.016 0.027 1.003 -0.012 -0.012 -0.012 -0.013 -0.013 -0.015 -0.014 -0.012 -0.012 -0.012 -0.016 -0.014 -0.015 -0.015 -0.014 -0.015 -0.012 -0.013 -0.015 -0.014 -0.014 -0.012 -0.018
0.003 0.001 0.039 -0.002 0.016 0.027 -0.012 1.003 0.010 0.011 0.009 0.010 0.009 0.012 0.010 0.010 0.010 0.010 0.010 0.010 0.010 0.009 0.011 0.010 0.009 0.010 0.010 0.012 0.010 0.011
0.003 0.001 0.026 -0.002 0.016 0.026 -0.012 0.010 1.002 0.004 0.003 0.004 0.004 0.006 0.003 0.004 0.004 0.005 0.004 0.005 0.005 0.004 0.005 0.003 0.003 0.005 0.004 0.006 0.004 0.005
0.003 0.002 0.059 -0.002 0.016 0.028 -0.012 0.011 0.004 1.005 0.006 0.006 0.004 0.007 0.007 0.007 0.007 0.004 0.005 0.005 0.005 0.005 0.006 0.006 0.005 0.005 0.005 0.007 0.007 0.004
0.003 0.001 0.019 -0.002 0.016 0.026 -0.013 0.009 0.003 0.006 1.002 0.033 0.034 0.039 0.032 0.032 0.032 0.037 0.033 0.037 0.036 0.033 0.038 0.032 0.031 0.036 0.033 0.038 0.032 0.042
0.003 0.002 0.034 -0.002 0.015 0.028 -0.013 0.010 0.004 0.006 0.033 1.003 0.010 0.012 0.012 0.012 0.012 0.010 0.011 0.010 0.010 0.011 0.011 0.012 0.011 0.011 0.011 0.011 0.012 0.009
0.003 0.003 0.008 -0.002 0.014 0.029 -0.015 0.009 0.004 0.004 0.034 0.010 1.003 0.001 -0.002 -0.002 -0.002 0.000 -0.001 0.000 0.000 -0.001 0.001 -0.003 -0.002 0.000 -0.001 0.001 -0.002 0.002
0.002 0.004 0.086 -0.002 0.012 0.032 -0.014 0.012 0.006 0.007 0.039 0.012 0.001 1.010 0.007 0.008 0.007 -0.007 0.002 -0.004 -0.004 0.002 -0.005 0.006 0.004 -0.002 0.002 -0.001 0.008 -0.016
0.003 0.001 0.031 -0.002 0.016 0.026 -0.012 0.010 0.003 0.007 0.032 0.012 -0.002 0.007 1.003 -0.007 -0.007 -0.017 -0.010 -0.015 -0.014 -0.010 -0.016 -0.007 -0.008 -0.013 -0.010 -0.014 -0.007 -0.023
0.003 0.001 0.045 -0.002 0.016 0.026 -0.012 0.010 0.004 0.007 0.032 0.012 -0.002 0.008 -0.007 1.004 0.021 0.022 0.021 0.022 0.023 0.021 0.024 0.020 0.019 0.022 0.020 0.025 0.022 0.024
0.003 0.001 0.036 -0.002 0.016 0.026 -0.012 0.010 0.004 0.007 0.032 0.012 -0.002 0.007 -0.007 0.021 1.004 0.001 0.000 0.001 0.001 0.000 0.002 0.000 -0.001 0.001 0.000 0.003 0.001 0.002
0.002 0.004 0.029 -0.002 0.012 0.031 -0.016 0.010 0.005 0.004 0.037 0.010 0.000 -0.007 -0.017 0.022 0.001 1.005 -0.005 -0.004 -0.004 -0.005 -0.003 -0.005 -0.006 -0.004 -0.005 -0.002 -0.005 -0.002
0.003 0.002 0.025 -0.002 0.015 0.028 -0.014 0.010 0.004 0.005 0.033 0.011 -0.001 0.002 -0.010 0.021 0.000 -0.005 1.004 -0.030 -0.030 -0.027 -0.030 -0.026 -0.027 -0.029 -0.028 -0.029 -0.026 -0.034
0.002 0.003 0.032 -0.002 0.013 0.031 -0.015 0.010 0.005 0.005 0.037 0.010 0.000 -0.004 -0.015 0.022 0.001 -0.004 -0.030 1.006 -0.014 -0.017 -0.013 -0.018 -0.018 -0.014 -0.017 -0.012 -0.017 -0.010
0.002 0.003 0.036 -0.002 0.013 0.030 -0.015 0.010 0.005 0.005 0.036 0.010 0.000 -0.004 -0.014 0.023 0.001 -0.004 -0.030 -0.014 1.006 0.015 0.013 0.015 0.014 0.015 0.015 0.016 0.017 0.010
0.003 0.002 0.018 -0.002 0.015 0.028 -0.014 0.009 0.004 0.005 0.033 0.011 -0.001 0.002 -0.010 0.021 0.000 -0.005 -0.027 -0.017 0.015 1.005 0.031 0.034 0.033 0.032 0.033 0.031 0.034 0.028
0.002 0.004 0.060 -0.002 0.012 0.031 -0.015 0.011 0.005 0.006 0.038 0.011 0.001 -0.005 -0.016 0.024 0.002 -0.003 -0.030 -0.013 0.013 0.031 1.010 0.007 0.006 0.008 0.007 0.010 0.008 0.009
0.003 0.001 0.028 -0.002 0.016 0.026 -0.012 0.010 0.003 0.006 0.032 0.012 -0.003 0.006 -0.007 0.020 0.000 -0.005 -0.026 -0.018 0.015 0.034 0.007 1.006 -0.000 0.000 -0.000 0.001 0.000 0.001
0.004 0.002 0.004 -0.002 0.016 0.026 -0.013 0.009 0.003 0.005 0.031 0.011 -0.002 0.004 -0.008 0.019 -0.001 -0.006 -0.027 -0.018 0.014 0.033 0.006 -0.000 1.005 0.087 0.088 0.085 0.090 0.078
0.002 0.003 0.037 -0.002 0.014 0.030 -0.015 0.010 0.005 0.005 0.036 0.011 0.000 -0.002 -0.013 0.022 0.001 -0.004 -0.029 -0.014 0.015 0.032 0.008 0.000 0.087 1.014 0.011 0.021 0.010 0.029
0.003 0.002 0.020 -0.002 0.015 0.028 -0.014 0.010 0.004 0.005 0.033 0.011 -0.001 0.002 -0.010 0.020 0.000 -0.005 -0.028 -0.017 0.015 0.033 0.007 -0.000 0.088 0.011 1.013 -0.001 -0.003 -0.001
0.002 0.003 0.077 -0.002 0.013 0.032 -0.014 0.012 0.006 0.007 0.038 0.011 0.001 -0.001 -0.014 0.025 0.003 -0.002 -0.029 -0.012 0.016 0.031 0.010 0.001 0.085 0.021 -0.001 1.019 0.088 0.122
0.003 0.001 0.049 -0.002 0.016 0.027 -0.012 0.010 0.004 0.007 0.032 0.012 -0.002 0.008 -0.007 0.022 0.001 -0.005 -0.026 -0.017 0.017 0.034 0.008 0.000 0.090 0.010 -0.003 0.088 1.020 0.203
0.002 0.006 0.041 -0.002 0.010 0.034 -0.018 0.011 0.005 0.004 0.042 0.009 0.002 -0.016 -0.023 0.024 0.002 -0.002 -0.034 -0.010 0.010 0.028 0.009 0.001 0.078 0.029 -0.001 0.122 0.203 1.059
