1.000 -0.004 -0.002 -0.004 -0.001 -0.003 -0.003 -0.003 -0.002 -0.002 -0.003 -0.002 -0.004 -0.002 -0.004 -0.004 -0.002 -0.003 -0.003 -0.004 -0.001 -0.004 -0.004 -0.002 -0.004 -0.002 -0.003 -0.004 -0.004 -0.002
-0.004 1.000 -0.166 -0.181 -0.156 -0.255 -0.119 -0.165 -0.313 -0.166 -0.213 -0.152 -0.190 -0.236 -0.146 -0.146 -0.232 -0.143 -0.169 -0.163 -0.170 -0.164 -0.145 -0.160 -0.178 -0.249 -0.196 -0.153 -0.108 -0.162
-0.002 -0.166 1.028 0.023 0.015 0.035 0.014 0.021 0.042 0.021 0.029 0.019 0.025 0.031 0.018 0.018 0.030 0.018 0.022 0.020 0.020 0.021 0.018 0.020 0.023 0.031 0.026 0.019 0.011 0.020
-0.004 -0.181 0.023 1.033 0.031 0.049 0.026 0.034 0.059 0.034 0.042 0.031 0.038 0.046 0.030 0.030 0.045 0.030 0.034 0.033 0.034 0.034 0.030 0.033 0.036 0.048 0.039 0.032 0.024 0.033
-0.001 -0.156 0.015 0.031 1.025 0.036 0.014 0.021 0.043 0.027 0.031 0.025 0.024 0.037 0.017 0.016 0.037 0.020 0.022 0.019 0.029 0.018 0.017 0.027 0.020 0.034 0.029 0.016 0.011 0.026
-0.003 -0.255 0.035 0.049 0.036 1.065 0.029 0.039 0.057 0.033 0.047 0.031 0.045 0.045 0.036 0.037 0.041 0.032 0.039 0.040 0.026 0.041 0.036 0.030 0.044 0.042 0.043 0.039 0.028 0.032
-0.003 -0.119 0.014 0.026 0.014 0.029 1.014 0.008 0.032 0.009 0.013 0.007 0.011 0.019 0.006 0.006 0.019 0.006 0.009 0.008 0.014 0.008 0.005 0.009 0.009 0.026 0.011 0.007 0.002 0.009
-0.003 -0.165 0.021 0.034 0.021 0.039 0.008 1.028 0.052 0.026 0.033 0.023 0.029 0.038 0.022 0.021 0.038 0.022 0.026 0.024 0.029 0.024 0.021 0.026 0.026 0.043 0.030 0.022 0.015 0.025
-0.002 -0.313 0.042 0.059 0.043 0.057 0.032 0.052 1.099 0.051 0.069 0.049 0.066 0.064 0.057 0.058 0.060 0.051 0.060 0.062 0.042 0.063 0.056 0.047 0.067 0.065 0.063 0.061 0.047 0.049
-0.002 -0.166 0.021 0.034 0.027 0.033 0.009 0.026 0.051 1.028 0.016 0.006 0.013 0.012 0.007 0.007 0.008 0.006 0.010 0.009 -0.004 0.010 0.007 0.004 0.012 -0.004 0.013 0.008 0.001 0.007
-0.003 -0.213 0.029 0.042 0.031 0.047 0.013 0.033 0.069 0.016 1.046 0.059 0.067 0.072 0.058 0.058 0.069 0.057 0.062 0.061 0.055 0.062 0.058 0.058 0.064 0.066 0.068 0.059 0.050 0.060
-0.002 -0.152 0.019 0.031 0.025 0.031 0.007 0.023 0.049 0.006 0.059 1.024 0.030 0.036 0.024 0.025 0.036 0.023 0.027 0.027 0.027 0.027 0.024 0.025 0.029 0.041 0.030 0.026 0.019 0.025
-0.004 -0.190 0.025 0.038 0.024 0.045 0.011 0.029 0.066 0.013 0.067 0.030 1.037 0.046 0.033 0.033 0.045 0.031 0.036 0.036 0.034 0.036 0.032 0.032 0.039 0.051 0.040 0.034 0.026 0.033
-0.002 -0.236 0.031 0.046 0.037 0.045 0.019 0.038 0.064 0.012 0.072 0.036 0.046 1.057 0.058 0.058 0.075 0.055 0.062 0.061 0.061 0.062 0.057 0.057 0.065 0.086 0.066 0.060 0.050 0.058
-0.004 -0.146 0.018 0.030 0.017 0.036 0.006 0.022 0.057 0.007 0.058 0.024 0.033 0.058 1.023 0.020 0.053 0.023 0.026 0.023 0.047 0.023 0.021 0.033 0.025 0.067 0.033 0.021 0.015 0.031
-0.004 -0.146 0.018 0.030 0.016 0.037 0.006 0.021 0.058 0.007 0.058 0.025 0.033 0.058 0.020 1.023 0.029 0.020 0.024 0.023 0.019 0.023 0.021 0.022 0.025 0.026 0.028 0.022 0.015 0.023
-0.002 -0.232 0.030 0.045 0.037 0.041 0.019 0.038 0.060 0.008 0.069 0.036 0.045 0.075 0.053 0.029 1.057 0.011 0.019 0.023 -0.026 0.025 0.019 -0.002 0.028 -0.028 0.018 0.024 0.013 0.004
-0.003 -0.143 0.018 0.030 0.020 0.032 0.006 0.022 0.051 0.006 0.057 0.023 0.031 0.055 0.023 0.020 0.011 1.023 0.020 0.019 0.022 0.019 0.016 0.019 0.021 0.034 0.023 0.017 0.011 0.019
-0.003 -0.169 0.022 0.034 0.022 0.039 0.009 0.026 0.060 0.010 0.062 0.027 0.036 0.062 0.026 0.024 0.019 0.020 1.031 0.027 0.025 0.028 0.025 0.026 0.030 0.036 0.033 0.026 0.018 0.026
-0.004 -0.163 0.020 0.033 0.019 0.040 0.008 0.024 0.062 0.009 0.061 0.027 0.036 0.061 0.023 0.023 0.023 0.019 0.027 1.029 0.020 0.018 0.015 0.018 0.020 0.035 0.023 0.016 0.009 0.018
-0.001 -0.170 0.020 0.034 0.029 0.026 0.014 0.029 0.042 -0.004 0.055 0.027 0.034 0.061 0.047 0.019 -0.026 0.022 0.025 0.020 1.037 0.079 0.079 0.094 0.081 0.109 0.094 0.076 0.071 0.092
-0.004 -0.164 0.021 0.034 0.018 0.041 0.008 0.024 0.063 0.010 0.062 0.027 0.036 0.062 0.023 0.023 0.025 0.019 0.028 0.018 0.079 1.032 -0.018 -0.015 -0.014 -0.003 -0.010 -0.017 -0.023 -0.015
-0.004 -0.145 0.018 0.030 0.017 0.036 0.005 0.021 0.056 0.007 0.058 0.024 0.032 0.057 0.021 0.021 0.019 0.016 0.025 0.015 0.079 -0.018 1.028 0.024 0.022 0.044 0.027 0.019 0.013 0.024
-0.002 -0.160 0.020 0.033 0.027 0.030 0.009 0.026 0.047 0.004 0.058 0.025 0.032 0.057 0.033 0.022 -0.002 0.019 0.026 0.018 0.094 -0.015 0.024 1.035 0.001 0.100 0.022 -0.004 -0.006 0.029
-0.004 -0.178 0.023 0.036 0.020 0.044 0.009 0.026 0.067 0.012 0.064 0.029 0.039 0.065 0.025 0.025 0.028 0.021 0.030 0.020 0.081 -0.014 0.022 0.001 1.040 0.040 0.030 0.024 0.017 0.025
-0.002 -0.249 0.031 0.048 0.034 0.042 0.026 0.043 0.065 -0.004 0.066 0.041 0.051 0.086 0.067 0.026 -0.028 0.034 0.036 0.035 0.109 -0.003 0.044 0.100 0.040 1.083 0.080 0.096 0.096 0.079
-0.003 -0.196 0.026 0.039 0.029 0.043 0.011 0.030 0.063 0.013 0.068 0.030 0.040 0.066 0.033 0.028 0.018 0.023 0.033 0.023 0.094 -0.010 0.027 0.022 0.030 0.080 1.048 0.161 0.158 0.146
-0.004 -0.153 0.019 0.032 0.016 0.039 0.007 0.022 0.061 0.008 0.059 0.026 0.034 0.060 0.021 0.022 0.024 0.017 0.026 0.016 0.076 -0.017 0.019 -0.004 0.024 0.096 0.161 1.049 -0.002 0.000
-0.004 -0.108 0.011 0.024 0.011 0.028 0.002 0.015 0.047 0.001 0.050 0.019 0.026 0.050 0.015 0.015 0.013 0.011 0.018 0.009 0.071 -0.023 0.013 -0.006 0.017 0.096 0.158 -0.002 1.042 0.027
-0.002 -0.162 0.020 0.033 0.026 0.032 0.009 0.025 0.049 0.007 0.060 0.025 0.033 0.058 0.031 0.023 0.004 0.019 0.026 0.018 0.092 -0.015 0.024 0.029 0.025 0.079 0.146 0.000 0.027 1.050
