1.000 -0.004 -0.004 -0.004 -0.000 -0.004 -0.005 0.003 0.002 -0.004 -0.000 0.001 -0.004 -0.003 -0.004 0.002 0.000 0.010 -0.004 -0.004
-0.004 1.000 -0.000 -0.001 -0.000 -0.000 -0.000 -0.001 -0.001 -0.001 -0.000 -0.001 -0.000 -0.000 -0.001 -0.001 -0.001 -0.001 -0.001 -0.000
-0.004 -0.000 1.000 -0.008 -0.012 -0.009 -0.008 -0.016 -0.015 -0.009 -0.012 -0.014 -0.009 -0.010 -0.008 -0.014 -0.013 -0.025 -0.009 -0.009
-0.004 -0.001 -0.008 1.000 0.009 0.009 0.008 0.009 0.009 0.008 0.009 0.009 0.009 0.009 0.008 0.009 0.009 0.009 0.008 0.008
-0.000 -0.000 -0.012 0.009 1.000 0.000 -0.001 0.000 0.000 -0.001 0.001 -0.000 -0.000 0.000 -0.001 0.001 0.000 -0.004 -0.001 -0.000
-0.004 -0.000 -0.009 0.009 0.000 1.000 0.000 0.001 0.001 0.000 0.001 0.001 0.000 0.000 0.000 0.001 0.001 0.001 0.000 0.000
-0.005 -0.000 -0.008 0.008 -0.001 0.000 1.000 -0.002 -0.002 -0.001 -0.001 -0.001 -0.001 -0.001 -0.001 -0.002 -0.001 -0.002 -0.001 -0.001
0.003 -0.001 -0.016 0.009 0.000 0.001 -0.002 1.000 0.013 0.013 0.013 0.013 0.013 0.013 0.013 0.013 0.013 0.015 0.013 0.013
0.002 -0.001 -0.015 0.009 0.000 0.001 -0.002 0.013 1.000 -0.003 -0.007 -0.008 -0.003 -0.005 -0.003 -0.008 -0.007 -0.013 -0.003 -0.003
-0.004 -0.001 -0.009 0.008 -0.001 0.000 -0.001 0.013 -0.003 1.000 0.001 0.001 0.000 0.001 -0.000 0.002 0.001 0.003 -0.000 0.000
-0.000 -0.000 -0.012 0.009 0.001 0.001 -0.001 0.013 -0.007 0.001 1.000 -0.010 -0.008 -0.009 -0.008 -0.010 -0.010 -0.014 -0.008 -0.008
0.001 -0.001 -0.014 0.009 -0.000 0.001 -0.001 0.013 -0.008 0.001 -0.010 1.001 0.001 0.001 0.000 0.003 0.002 0.006 0.000 0.000
-0.004 -0.000 -0.009 0.009 -0.000 0.000 -0.001 0.013 -0.003 0.000 -0.008 0.001 1.000 0.001 0.001 0.001 0.001 0.000 0.001 0.001
-0.003 -0.000 -0.010 0.009 0.000 0.000 -0.001 0.013 -0.005 0.001 -0.009 0.001 0.001 1.000 -0.004 -0.004 -0.004 -0.003 -0.004 -0.004
-0.004 -0.001 -0.008 0.008 -0.001 0.000 -0.001 0.013 -0.003 -0.000 -0.008 0.000 0.001 -0.004 1.000 0.044 0.040 0.074 0.029 0.028
0.002 -0.001 -0.014 0.009 0.001 0.001 -0.002 0.013 -0.008 0.002 -0.010 0.003 0.001 -0.004 0.044 1.003 0.005 0.007 0.005 0.004
0.000 -0.001 -0.013 0.009 0.000 0.001 -0.001 0.013 -0.007 0.001 -0.010 0.002 0.001 -0.004 0.040 0.005 1.002 0.011 0.004 0.004
0.010 -0.001 -0.025 0.009 -0.004 0.001 -0.002 0.015 -0.013 0.003 -0.014 0.006 0.000 -0.003 0.074 0.007 0.011 1.007 0.013 0.012
-0.004 -0.001 -0.009 0.008 -0.001 0.000 -0.001 0.013 -0.003 -0.000 -0.008 0.000 0.001 -0.004 0.029 0.005 0.004 0.013 1.001 0.003
-0.004 -0.000 -0.009 0.008 -0.000 0.000 -0.001 0.013 -0.003 0.000 -0.008 0.000 0.001 -0.004 0.028 0.004 0.004 0.012 0.003 1.001
