1.000 -0.161 -0.162 -0.160 -0.163 -0.165 -0.162 -0.249 -0.160 -0.184 -0.159 -0.229 -0.161 -0.163 -0.230 -0.161 -0.177 -0.175 -0.159 -0.161 -0.196 -0.160 -0.178 -0.169 -0.172 -0.168 -0.161 -0.162 -0.178 -0.245
-0.161 1.026 -0.081 -0.081 -0.082 -0.082 -0.082 -0.107 -0.081 -0.088 -0.080 -0.102 -0.081 -0.082 -0.102 -0.081 -0.087 -0.086 -0.080 -0.081 -0.091 -0.081 -0.086 -0.084 -0.085 -0.084 -0.081 -0.082 -0.088 -0.106
-0.162 -0.081 1.037 -0.072 -0.072 -0.072 -0.073 -0.096 -0.072 -0.074 -0.071 -0.088 -0.072 -0.072 -0.088 -0.072 -0.074 -0.074 -0.071 -0.072 -0.075 -0.072 -0.073 -0.073 -0.072 -0.073 -0.072 -0.072 -0.075 -0.094
-0.160 -0.081 -0.072 1.049 -0.039 -0.037 -0.040 -0.020 -0.041 -0.027 -0.041 -0.019 -0.041 -0.038 -0.019 -0.040 -0.031 -0.032 -0.041 -0.041 -0.021 -0.041 -0.029 -0.035 -0.032 -0.037 -0.041 -0.041 -0.031 -0.020
-0.163 -0.082 -0.072 -0.039 1.058 -0.003 -0.004 -0.009 -0.002 -0.007 -0.002 -0.010 -0.003 -0.003 -0.010 -0.003 -0.007 -0.007 -0.002 -0.003 -0.007 -0.003 -0.007 -0.006 -0.006 -0.006 -0.003 -0.003 -0.009 -0.009
-0.165 -0.082 -0.072 -0.037 -0.003 1.062 0.010 0.013 0.011 0.018 0.011 0.018 0.010 0.012 0.018 0.011 0.015 0.015 0.010 0.010 0.022 0.011 0.017 0.013 0.015 0.012 0.011 0.010 0.015 0.014
-0.162 -0.082 -0.073 -0.040 -0.004 0.010 1.065 -0.030 -0.023 -0.023 -0.022 -0.028 -0.023 -0.023 -0.028 -0.023 -0.024 -0.024 -0.023 -0.023 -0.023 -0.023 -0.023 -0.023 -0.023 -0.024 -0.023 -0.023 -0.024 -0.030
-0.249 -0.107 -0.096 -0.020 -0.009 0.013 -0.030 1.143 -0.031 0.006 -0.031 0.073 -0.032 -0.025 0.082 -0.031 -0.009 -0.011 -0.033 -0.033 0.030 -0.032 -0.001 -0.019 -0.010 -0.023 -0.031 -0.031 -0.010 0.112
-0.160 -0.081 -0.072 -0.041 -0.002 0.011 -0.023 -0.031 1.088 0.080 0.065 0.096 0.065 0.067 0.096 0.065 0.074 0.073 0.065 0.065 0.088 0.065 0.076 0.070 0.073 0.068 0.065 0.065 0.074 0.098
-0.184 -0.088 -0.074 -0.027 -0.007 0.018 -0.023 0.006 0.080 1.095 0.046 0.084 0.047 0.049 0.085 0.047 0.056 0.055 0.046 0.047 0.068 0.047 0.057 0.052 0.054 0.050 0.047 0.047 0.056 0.093
-0.159 -0.080 -0.071 -0.041 -0.002 0.011 -0.022 -0.031 0.065 0.046 1.089 0.098 0.113 0.112 0.097 0.112 0.109 0.109 0.113 0.112 0.106 0.113 0.108 0.110 0.110 0.110 0.112 0.112 0.108 0.092
-0.229 -0.102 -0.088 -0.019 -0.010 0.018 -0.028 0.073 0.096 0.084 0.098 1.126 0.169 0.169 0.166 0.169 0.172 0.172 0.169 0.169 0.170 0.169 0.170 0.171 0.170 0.171 0.169 0.170 0.173 0.159
-0.161 -0.081 -0.072 -0.041 -0.003 0.010 -0.023 -0.032 0.065 0.047 0.113 0.169 1.096 0.083 0.085 0.083 0.083 0.083 0.083 0.082 0.088 0.083 0.084 0.083 0.084 0.082 0.083 0.082 0.082 0.084
-0.163 -0.082 -0.072 -0.038 -0.003 0.012 -0.023 -0.025 0.067 0.049 0.112 0.169 0.083 1.095 0.140 0.146 0.141 0.141 0.147 0.146 0.141 0.146 0.141 0.143 0.142 0.143 0.146 0.145 0.140 0.142
-0.230 -0.102 -0.088 -0.019 -0.010 0.018 -0.028 0.082 0.096 0.085 0.097 0.166 0.085 0.140 1.130 0.570 0.534 0.538 0.573 0.574 0.469 0.571 0.520 0.551 0.534 0.560 0.571 0.572 0.539 0.405
-0.161 -0.081 -0.072 -0.040 -0.003 0.011 -0.023 -0.031 0.065 0.047 0.112 0.169 0.083 0.146 0.570 1.315 0.130 0.131 0.136 0.137 0.119 0.136 0.125 0.133 0.127 0.136 0.136 0.137 0.133 0.162
-0.177 -0.087 -0.074 -0.031 -0.007 0.015 -0.024 -0.009 0.074 0.056 0.109 0.172 0.083 0.141 0.534 0.130 1.310 0.232 0.243 0.245 0.202 0.243 0.223 0.236 0.228 0.240 0.243 0.244 0.234 0.194
-0.175 -0.086 -0.074 -0.032 -0.007 0.015 -0.024 -0.011 0.073 0.055 0.109 0.172 0.083 0.141 0.538 0.131 0.232 1.320 0.288 0.290 0.248 0.288 0.277 0.287 0.281 0.290 0.289 0.290 0.288 0.135
-0.159 -0.080 -0.071 -0.041 -0.002 0.010 -0.023 -0.033 0.065 0.046 0.113 0.169 0.083 0.147 0.573 0.136 0.243 0.288 1.360 0.300 0.245 0.298 0.275 0.291 0.282 0.296 0.299 0.300 0.288 0.180
-0.161 -0.081 -0.072 -0.041 -0.003 0.010 -0.023 -0.033 0.065 0.047 0.112 0.169 0.082 0.146 0.574 0.137 0.245 0.290 0.300 1.364 0.167 0.211 0.189 0.203 0.195 0.208 0.211 0.212 0.200 0.152
-0.196 -0.091 -0.075 -0.021 -0.007 0.022 -0.023 0.030 0.088 0.068 0.106 0.170 0.088 0.141 0.469 0.119 0.202 0.248 0.245 0.167 1.279 0.374 0.327 0.355 0.339 0.363 0.373 0.374 0.344 0.227
-0.160 -0.081 -0.072 -0.041 -0.003 0.011 -0.023 -0.032 0.065 0.047 0.113 0.169 0.083 0.146 0.571 0.136 0.243 0.288 0.298 0.211 0.374 1.387 0.238 0.253 0.244 0.258 0.262 0.263 0.251 0.169
-0.178 -0.086 -0.073 -0.029 -0.007 0.017 -0.023 -0.001 0.076 0.057 0.108 0.170 0.084 0.141 0.520 0.125 0.223 0.277 0.275 0.189 0.327 0.238 1.339 0.361 0.353 0.365 0.369 0.370 0.358 0.255
-0.169 -0.084 -0.073 -0.035 -0.006 0.013 -0.023 -0.019 0.070 0.052 0.110 0.171 0.083 0.143 0.551 0.133 0.236 0.287 0.291 0.203 0.355 0.253 0.361 1.375 0.330 0.347 0.356 0.357 0.332 0.282
-0.172 -0.085 -0.072 -0.032 -0.006 0.015 -0.023 -0.010 0.073 0.054 0.110 0.170 0.084 0.142 0.534 0.127 0.228 0.281 0.282 0.195 0.339 0.244 0.353 0.330 1.357 0.373 0.378 0.379 0.362 0.272
-0.168 -0.084 -0.073 -0.037 -0.006 0.012 -0.024 -0.023 0.068 0.050 0.110 0.171 0.082 0.143 0.560 0.136 0.240 0.290 0.296 0.208 0.363 0.258 0.365 0.347 0.373 1.387 0.402 0.402 0.388 0.308
-0.161 -0.081 -0.072 -0.041 -0.003 0.011 -0.023 -0.031 0.065 0.047 0.112 0.169 0.083 0.146 0.571 0.136 0.243 0.289 0.299 0.211 0.373 0.262 0.369 0.356 0.378 0.402 1.403 0.400 0.380 0.300
-0.162 -0.082 -0.072 -0.041 -0.003 0.010 -0.023 -0.031 0.065 0.047 0.112 0.170 0.082 0.145 0.572 0.137 0.244 0.290 0.300 0.212 0.374 0.263 0.370 0.357 0.379 0.402 0.400 1.404 0.333 0.221
-0.178 -0.088 -0.075 -0.031 -0.009 0.015 -0.024 -0.010 0.074 0.056 0.108 0.173 0.082 0.140 0.539 0.133 0.234 0.288 0.288 0.200 0.344 0.251 0.358 0.332 0.362 0.388 0.380 0.333 1.364 0.280
-0.245 -0.106 -0.094 -0.020 -0.009 0.014 -0.030 0.112 0.098 0.093 0.092 0.159 0.084 0.142 0.405 0.162 0.194 0.135 0.180 0.152 0.227 0.169 0.255 0.282 0.272 0.308 0.300 0.221 0.280 1.268
