1.000 -0.052 -0.052 -0.051 -0.052 -0.052 -0.049 -0.053 -0.050 -0.052 -0.053 -0.053 -0.053 -0.052 -0.053 -0.049 -0.053 -0.053 -0.053 -0.052
-0.052 1.003 -0.043 -0.040 -0.070 -0.057 0.018 -0.056 -0.022 -0.070 -0.058 -0.067 -0.053 -0.046 -0.060 0.014 -0.069 -0.068 -0.069 -0.045
-0.052 -0.043 1.005 -0.039 -0.052 -0.047 -0.027 -0.046 -0.033 -0.052 -0.047 -0.051 -0.045 -0.042 -0.048 -0.027 -0.052 -0.051 -0.051 -0.042
-0.051 -0.040 -0.039 1.006 -0.079 -0.079 -0.080 -0.079 -0.079 -0.079 -0.079 -0.079 -0.079 -0.079 -0.079 -0.079 -0.079 -0.079 -0.079 -0.079
-0.052 -0.070 -0.052 -0.079 1.019 0.022 0.020 0.022 0.023 0.022 0.022 0.022 0.023 0.023 0.022 0.021 0.022 0.022 0.022 0.023
-0.052 -0.057 -0.047 -0.079 0.022 1.017 0.035 -0.077 -0.029 -0.095 -0.080 -0.092 -0.072 -0.063 -0.083 0.028 -0.095 -0.093 -0.094 -0.061
-0.049 0.018 -0.027 -0.080 0.020 0.035 1.011 0.081 0.065 0.088 0.082 0.087 0.079 0.076 0.083 0.058 0.088 0.087 0.088 0.075
-0.053 -0.056 -0.046 -0.079 0.022 -0.077 0.081 1.031 -0.053 -0.048 -0.049 -0.048 -0.050 -0.050 -0.049 -0.055 -0.048 -0.048 -0.048 -0.051
-0.050 -0.022 -0.033 -0.079 0.023 -0.029 0.065 -0.053 1.022 -0.041 -0.039 -0.041 -0.038 -0.037 -0.040 -0.023 -0.041 -0.041 -0.041 -0.037
-0.052 -0.070 -0.052 -0.079 0.022 -0.095 0.088 -0.048 -0.041 1.050 -0.030 -0.037 -0.026 -0.022 -0.032 0.013 -0.039 -0.038 -0.038 -0.021
-0.053 -0.058 -0.047 -0.079 0.022 -0.080 0.082 -0.049 -0.039 -0.030 1.048 -0.065 -0.059 -0.058 -0.062 -0.057 -0.066 -0.065 -0.066 -0.058
-0.053 -0.067 -0.051 -0.079 0.022 -0.092 0.087 -0.048 -0.041 -0.037 -0.065 1.069 0.119 0.117 0.123 0.094 0.128 0.127 0.128 0.116
-0.053 -0.053 -0.045 -0.079 0.023 -0.072 0.079 -0.050 -0.038 -0.026 -0.059 0.119 1.059 0.115 0.125 0.097 0.134 0.132 0.133 0.114
-0.052 -0.046 -0.042 -0.079 0.023 -0.063 0.076 -0.050 -0.037 -0.022 -0.058 0.117 0.115 1.057 0.066 0.044 0.070 0.069 0.069 0.062
-0.053 -0.060 -0.048 -0.079 0.022 -0.083 0.083 -0.049 -0.040 -0.032 -0.062 0.123 0.125 0.066 1.069 0.131 0.210 0.207 0.209 0.180
-0.049 0.014 -0.027 -0.079 0.021 0.028 0.058 -0.055 -0.023 0.013 -0.057 0.094 0.097 0.044 0.131 1.042 -0.023 -0.025 -0.024 -0.054
-0.053 -0.069 -0.052 -0.079 0.022 -0.095 0.088 -0.048 -0.041 -0.039 -0.066 0.128 0.134 0.070 0.210 -0.023 1.104 -0.015 -0.014 -0.020
-0.053 -0.068 -0.051 -0.079 0.022 -0.093 0.087 -0.048 -0.041 -0.038 -0.065 0.127 0.132 0.069 0.207 -0.025 -0.015 1.115 -0.008 -0.040
-0.053 -0.069 -0.051 -0.079 0.022 -0.094 0.088 -0.048 -0.041 -0.038 -0.066 0.128 0.133 0.069 0.209 -0.024 -0.014 -0.008 1.132 0.064
-0.052 -0.045 -0.042 -0.079 0.023 -0.061 0.075 -0.051 -0.037 -0.021 -0.058 0.116 0.114 0.062 0.180 -0.054 -0.020 -0.040 0.064 1.115
