1.000 0.024 0.013 0.025 0.015 0.024 0.025 0.025 0.023 -0.001 0.006 -0.018 0.002 0.024 -0.001 0.007 0.024 0.009 0.023 -0.006
0.024 1.001 0.001 -0.001 0.001 -0.001 -0.001 -0.001 -0.001 -0.008 0.000 -0.017 -0.004 -0.001 -0.004 -0.001 -0.001 -0.000 -0.001 -0.008
0.013 0.001 1.000 -0.031 -0.012 -0.027 -0.029 -0.030 -0.027 0.021 0.007 -0.030 0.019 -0.029 0.023 0.006 -0.028 0.001 -0.027 -0.029
0.025 -0.001 -0.031 1.002 0.010 0.024 0.026 0.027 0.024 -0.031 -0.010 -0.000 -0.025 0.026 -0.031 -0.010 0.025 -0.004 0.024 0.003
0.015 0.001 -0.012 0.010 1.000 -0.026 -0.027 -0.028 -0.026 0.006 -0.005 -0.034 0.004 -0.027 0.007 -0.006 -0.026 -0.009 -0.026 -0.032
0.024 -0.001 -0.027 0.024 -0.026 1.003 -0.023 -0.024 -0.021 0.040 0.016 -0.015 0.033 -0.023 0.041 0.015 -0.022 0.009 -0.021 -0.018
0.025 -0.001 -0.029 0.026 -0.027 -0.023 1.004 -0.016 -0.015 -0.016 -0.005 -0.025 -0.008 -0.015 -0.012 -0.006 -0.015 -0.005 -0.014 -0.020
0.025 -0.001 -0.030 0.027 -0.028 -0.024 -0.016 1.004 -0.009 -0.001 0.004 -0.010 0.003 -0.010 0.002 0.003 -0.009 0.002 -0.009 -0.011
0.023 -0.001 -0.027 0.024 -0.026 -0.021 -0.015 -0.009 1.004 0.023 0.012 -0.007 0.020 -0.002 0.023 0.013 -0.001 0.010 -0.001 -0.006
-0.001 -0.008 0.021 -0.031 0.006 0.040 -0.016 -0.001 0.023 1.004 -0.017 0.020 -0.027 0.021 -0.031 -0.015 0.021 -0.011 0.020 0.018
0.006 0.000 0.007 -0.010 -0.005 0.016 -0.005 0.004 0.012 -0.017 1.001 -0.005 -0.017 0.007 -0.021 -0.007 0.006 -0.004 0.006 -0.002
-0.018 -0.017 -0.030 -0.000 -0.034 -0.015 -0.025 -0.010 -0.007 0.020 -0.005 1.004 -0.040 0.013 -0.047 -0.024 0.012 -0.019 0.011 -0.009
0.002 -0.004 0.019 -0.025 0.004 0.033 -0.008 0.003 0.020 -0.027 -0.017 -0.040 1.005 -0.026 -0.049 -0.044 -0.026 -0.042 -0.027 -0.034
0.024 -0.001 -0.029 0.026 -0.027 -0.023 -0.015 -0.010 -0.002 0.021 0.007 0.013 -0.026 1.005 -0.006 -0.009 -0.025 -0.011 -0.024 -0.012
-0.001 -0.004 0.023 -0.031 0.007 0.041 -0.012 0.002 0.023 -0.031 -0.021 -0.047 -0.049 -0.006 1.011 0.041 0.030 0.038 0.030 0.046
0.007 -0.001 0.006 -0.010 -0.006 0.015 -0.006 0.003 0.013 -0.015 -0.007 -0.024 -0.044 -0.009 0.041 1.005 0.013 -0.013 0.013 0.016
0.024 -0.001 -0.028 0.025 -0.026 -0.022 -0.015 -0.009 -0.001 0.021 0.006 0.012 -0.026 -0.025 0.030 0.013 1.007 0.038 0.001 0.042
0.009 -0.000 0.001 -0.004 -0.009 0.009 -0.005 0.002 0.010 -0.011 -0.004 -0.019 -0.042 -0.011 0.038 -0.013 0.038 1.006 -0.050 -0.062
0.023 -0.001 -0.027 0.024 -0.026 -0.021 -0.014 -0.009 -0.001 0.020 0.006 0.011 -0.027 -0.024 0.030 0.013 0.001 -0.050 1.009 0.158
-0.006 -0.008 -0.029 0.003 -0.032 -0.018 -0.020 -0.011 -0.006 0.018 -0.002 -0.009 -0.034 -0.012 0.046 0.016 0.042 -0.062 0.158 1.035
