1.000 -0.574 -0.601 -0.523 -0.892 -0.548 -0.570 -0.595 -0.604 -0.611 -0.826 -0.682 -0.607 -0.713 -0.608 -0.583 -0.595 -0.564 -0.586 -0.677
-0.574 1.329 0.342 0.302 0.628 0.313 0.330 0.339 0.343 0.398 0.567 0.431 0.354 0.425 0.345 0.332 0.345 0.324 0.334 0.432
-0.601 0.342 1.362 0.305 0.543 0.319 0.333 0.347 0.352 0.362 0.500 0.405 0.355 0.418 0.354 0.339 0.348 0.329 0.341 0.403
-0.523 0.302 0.305 1.274 0.530 0.264 0.279 0.287 0.291 0.338 0.490 0.371 0.300 0.365 0.292 0.280 0.293 0.273 0.282 0.372
-0.892 0.628 0.543 0.530 1.814 0.471 0.484 0.511 0.517 0.460 0.599 0.526 0.507 0.575 0.521 0.498 0.502 0.483 0.501 0.522
-0.548 0.313 0.319 0.264 0.471 1.301 0.340 0.352 0.356 0.389 0.525 0.416 0.360 0.423 0.358 0.345 0.353 0.336 0.347 0.415
-0.570 0.330 0.333 0.279 0.484 0.340 1.327 0.328 0.334 0.345 0.456 0.382 0.337 0.397 0.335 0.322 0.329 0.312 0.324 0.378
-0.595 0.339 0.347 0.287 0.511 0.352 0.328 1.356 0.383 0.423 0.558 0.455 0.390 0.465 0.384 0.370 0.379 0.358 0.372 0.451
-0.604 0.343 0.352 0.291 0.517 0.356 0.334 0.383 1.367 0.388 0.507 0.428 0.381 0.448 0.381 0.367 0.373 0.355 0.368 0.423
-0.611 0.398 0.362 0.338 0.460 0.389 0.345 0.423 0.388 1.391 0.491 0.393 0.336 0.406 0.334 0.319 0.328 0.308 0.321 0.390
-0.826 0.567 0.500 0.490 0.599 0.525 0.456 0.558 0.507 0.491 1.729 0.481 0.426 0.507 0.430 0.411 0.418 0.397 0.413 0.477
-0.682 0.431 0.405 0.371 0.526 0.416 0.382 0.455 0.428 0.393 0.481 1.492 0.379 0.437 0.377 0.365 0.371 0.355 0.367 0.422
-0.607 0.354 0.355 0.300 0.507 0.360 0.337 0.390 0.381 0.336 0.426 0.379 1.383 0.436 0.382 0.369 0.374 0.359 0.371 0.415
-0.713 0.425 0.418 0.365 0.575 0.423 0.397 0.465 0.448 0.406 0.507 0.437 0.436 1.533 0.618 0.598 0.609 0.582 0.601 0.684
-0.608 0.345 0.354 0.292 0.521 0.358 0.335 0.384 0.381 0.334 0.430 0.377 0.382 0.618 1.411 0.363 0.373 0.351 0.365 0.437
-0.583 0.332 0.339 0.280 0.498 0.345 0.322 0.370 0.367 0.319 0.411 0.365 0.369 0.598 0.363 1.380 0.348 0.327 0.340 0.407
-0.595 0.345 0.348 0.293 0.502 0.353 0.329 0.379 0.373 0.328 0.418 0.371 0.374 0.609 0.373 0.348 1.398 0.390 0.402 0.474
-0.564 0.324 0.329 0.273 0.483 0.336 0.312 0.358 0.355 0.308 0.397 0.355 0.359 0.582 0.351 0.327 0.390 1.360 0.433 0.557
-0.586 0.334 0.341 0.282 0.501 0.347 0.324 0.372 0.368 0.321 0.413 0.367 0.371 0.601 0.365 0.340 0.402 0.433 1.390 0.240
-0.677 0.432 0.403 0.372 0.522 0.415 0.378 0.451 0.423 0.390 0.477 0.422 0.415 0.684 0.437 0.407 0.474 0.557 0.240 1.585
