1.000 -2.974 -2.955 -2.633 -2.150 -2.900 -1.725 -2.685 -2.671 -2.457 -3.391 -2.695 -2.637 -2.471 -1.104 -2.827 -2.631 -2.360 -3.138 -2.646 -1.924 -2.796 -2.077 -2.638 -2.678 -1.845 -2.726 -2.679 -2.155 -2.682
-2.974 9.843 8.785 7.810 6.387 8.613 5.126 7.966 7.925 7.284 10.083 7.995 7.821 7.334 3.311 8.415 7.824 6.997 9.326 7.849 5.716 8.302 6.162 7.825 7.944 5.481 8.090 7.946 6.392 7.957
-2.955 8.785 9.734 7.756 6.343 8.554 5.090 7.911 7.870 7.232 10.026 7.940 7.767 7.283 3.285 8.386 7.780 6.947 9.266 7.795 5.676 8.244 6.118 7.770 7.889 5.442 8.034 7.891 6.346 7.902
-2.633 7.810 7.756 7.935 5.670 7.649 4.549 7.077 7.040 6.471 8.957 7.103 6.949 6.513 2.939 7.483 6.950 6.215 8.283 6.973 5.073 7.373 5.472 6.952 7.057 4.865 7.186 7.059 5.676 7.069
-2.150 6.387 6.343 5.670 5.624 6.247 3.663 5.759 5.729 5.247 7.335 5.781 5.651 5.291 2.384 6.110 5.667 5.034 6.777 5.672 4.098 6.012 4.421 5.654 5.743 3.923 5.852 5.744 4.586 5.752
-2.900 8.613 8.554 7.649 6.247 9.410 4.971 7.760 7.720 7.097 9.815 7.788 7.620 7.139 3.171 8.177 7.605 6.816 9.078 7.647 5.550 8.083 5.993 7.623 7.739 5.321 7.880 7.741 6.222 7.752
-1.725 5.126 5.090 4.549 3.663 4.971 3.979 4.600 4.576 4.202 5.827 4.617 4.516 4.227 1.858 4.845 4.505 4.034 5.389 4.533 3.275 4.794 3.540 4.518 4.587 3.137 4.672 4.589 3.677 4.595
-2.685 7.966 7.911 7.077 5.759 7.760 4.600 8.213 7.167 6.590 9.086 7.230 7.076 6.623 2.915 7.552 7.038 6.329 8.412 7.100 5.144 7.498 5.559 7.078 7.184 4.932 7.313 7.186 5.774 7.196
-2.671 7.925 7.870 7.040 5.729 7.720 4.576 7.167 8.140 6.575 9.056 7.209 7.056 6.610 2.945 7.545 7.028 6.317 8.384 7.080 5.147 7.476 5.557 7.058 7.164 4.937 7.292 7.165 5.769 7.175
-2.457 7.284 7.232 6.471 5.247 7.097 4.202 6.590 6.575 7.040 8.319 6.642 6.503 6.077 2.663 6.902 6.442 5.812 7.712 6.525 4.712 6.882 5.098 6.505 6.601 4.518 6.718 6.602 5.296 6.611
-3.391 10.083 10.026 8.957 7.335 9.815 5.827 9.086 9.056 8.319 12.502 9.093 8.899 8.343 3.738 9.578 8.893 7.972 10.586 8.929 6.506 9.432 7.021 8.901 9.035 6.242 9.199 9.038 7.287 9.051
-2.695 7.995 7.940 7.103 5.781 7.788 4.617 7.230 7.209 6.642 9.093 8.267 7.112 6.656 2.950 7.598 7.072 6.366 8.439 7.136 5.179 7.528 5.595 7.114 7.220 4.967 7.348 7.221 5.810 7.231
-2.637 7.821 7.767 6.949 5.651 7.620 4.516 7.076 7.056 6.503 8.899 7.112 7.960 6.502 2.894 7.446 6.935 6.201 8.278 6.959 5.059 7.364 5.457 6.937 7.043 4.850 7.174 7.046 5.664 7.055
-2.471 7.334 7.283 6.513 5.291 7.139 4.227 6.623 6.610 6.077 8.343 6.656 6.502 7.111 2.594 6.873 6.412 5.776 7.686 6.490 4.673 6.850 5.060 6.470 6.566 4.478 6.684 6.568 5.261 6.577
-1.104 3.311 3.285 2.939 2.384 3.171 1.858 2.915 2.945 2.663 3.738 2.950 2.894 2.594 2.250 3.370 3.136 2.848 3.690 3.161 2.354 3.316 2.529 3.152 3.195 2.268 3.247 3.196 2.621 3.200
-2.827 8.415 8.386 7.483 6.110 8.177 4.845 7.552 7.545 6.902 9.578 7.598 7.446 6.873 3.370 9.062 7.761 6.969 9.124 7.737 5.791 8.164 6.206 7.714 7.826 5.575 7.964 7.830 6.422 7.841
-2.631 7.824 7.780 6.950 5.667 7.605 4.505 7.038 7.028 6.442 8.893 7.072 6.935 6.412 3.136 7.761 8.047 5.876 8.028 6.691 4.727 7.104 5.114 6.668 6.774 4.509 6.906 6.775 5.313 6.781
-2.360 6.997 6.947 6.215 5.034 6.816 4.034 6.329 6.317 5.812 7.972 6.366 6.201 5.776 2.848 6.969 5.876 6.896 7.671 6.560 4.875 6.890 5.243 6.541 6.632 4.695 6.741 6.633 5.433 6.644
-3.138 9.326 9.266 8.283 6.777 9.078 5.389 8.412 8.384 7.712 10.586 8.439 8.278 7.686 3.690 9.124 8.028 7.671 11.051 8.453 6.290 8.941 6.757 8.427 8.557 6.048 8.714 8.561 6.998 8.575
-2.646 7.849 7.795 6.973 5.672 7.647 4.533 7.100 7.080 6.525 8.929 7.136 6.959 6.490 3.161 7.737 6.691 6.560 8.453 8.255 5.360 7.559 5.763 7.163 7.264 5.164 7.386 7.267 5.973 7.278
-1.924 5.716 5.676 5.073 4.098 5.550 3.275 5.144 5.147 4.712 6.506 5.179 5.059 4.673 2.354 5.791 4.727 4.875 6.290 5.360 5.067 5.794 4.472 5.496 5.573 4.023 5.665 5.576 4.631 5.585
-2.796 8.302 8.244 7.373 6.012 8.083 4.794 7.498 7.476 6.882 9.432 7.528 7.364 6.850 3.316 8.164 7.104 6.890 8.941 7.559 5.794 9.070 6.028 7.565 7.674 5.382 7.806 7.676 6.253 7.688
-2.077 6.162 6.118 5.472 4.421 5.993 3.540 5.559 5.557 5.098 7.021 5.595 5.457 5.060 2.529 6.206 5.114 5.243 6.757 5.763 4.472 6.028 5.699 5.873 5.955 4.275 6.052 5.956 4.913 5.966
-2.638 7.825 7.770 6.952 5.654 7.623 4.518 7.078 7.058 6.505 8.901 7.114 6.937 6.470 3.152 7.714 6.668 6.541 8.427 7.163 5.496 7.565 5.873 8.243 7.343 5.174 7.476 7.347 5.998 7.358
-2.678 7.944 7.889 7.057 5.743 7.739 4.587 7.184 7.164 6.601 9.035 7.220 7.043 6.566 3.195 7.826 6.774 6.632 8.557 7.264 5.573 7.674 5.955 7.343 8.453 5.260 7.507 7.386 6.077 7.397
-1.845 5.481 5.442 4.865 3.923 5.321 3.137 4.932 4.937 4.518 6.242 4.967 4.850 4.478 2.268 5.575 4.509 4.695 6.048 5.164 4.023 5.382 4.275 5.174 5.260 4.807 5.420 5.332 4.411 5.341
-2.726 8.090 8.034 7.186 5.852 7.880 4.672 7.313 7.292 6.718 9.199 7.348 7.174 6.684 3.247 7.964 6.906 6.741 8.714 7.386 5.665 7.806 6.052 7.476 7.507 5.420 8.719 7.630 6.246 7.641
-2.679 7.946 7.891 7.059 5.744 7.741 4.589 7.186 7.165 6.602 9.038 7.221 7.046 6.568 3.196 7.830 6.775 6.633 8.561 7.267 5.576 7.676 5.956 7.347 7.386 5.332 7.630 8.468 6.064 7.414
-2.155 6.392 6.346 5.676 4.586 6.222 3.677 5.774 5.769 5.296 7.287 5.810 5.664 5.261 2.621 6.422 5.313 5.433 6.998 5.973 4.631 6.253 4.913 5.998 6.077 4.411 6.246 6.064 6.048 6.192
-2.682 7.957 7.902 7.069 5.752 7.752 4.595 7.196 7.175 6.611 9.051 7.231 7.055 6.577 3.200 7.841 6.781 6.644 8.575 7.278 5.585 7.688 5.966 7.358 7.397 5.341 7.641 7.414 6.192 8.500
