1.000 0.001 0.000 0.001 -0.000 -0.000 0.000 0.001 0.000 0.000 0.001 0.000 0.000 -0.001 0.000 0.001 0.001 -0.001 0.000 0.000 -0.000 0.000 -0.000 0.000 0.000 0.000 0.000 0.000 0.000 -0.001
0.001 1.000 -0.003 -0.003 0.004 0.001 -0.002 -0.003 -0.003 -0.001 -0.003 -0.001 -0.001 0.002 -0.003 -0.003 -0.003 0.002 -0.002 0.000 0.000 -0.001 0.002 -0.003 -0.004 -0.000 -0.002 0.000 -0.003 0.003
0.000 -0.003 1.000 0.000 0.004 0.003 0.001 0.000 0.000 0.001 0.000 0.001 0.001 0.003 0.000 0.000 0.000 0.003 0.001 0.002 0.002 0.001 0.003 0.000 -0.000 0.002 0.001 0.002 0.000 0.004
0.001 -0.003 0.000 1.000 -0.068 -0.016 -0.027 -0.030 0.008 -0.030 -0.026 -0.007 -0.071 0.115 -0.008 -0.030 -0.025 0.029 -0.023 -0.034 0.015 -0.039 -0.086 0.001 0.008 -0.029 0.002 -0.068 0.010 0.076
-0.000 0.004 0.004 -0.068 1.005 0.003 0.004 0.003 0.001 0.004 0.003 0.003 0.006 -0.004 0.002 0.003 0.003 0.001 0.003 0.005 0.002 0.005 0.008 0.001 0.001 0.004 0.002 0.007 0.001 -0.002
-0.000 0.001 0.003 -0.016 0.003 1.000 0.017 0.014 0.014 0.018 0.014 0.018 0.019 0.023 0.014 0.014 0.014 0.025 0.016 0.021 0.021 0.018 0.025 0.014 0.013 0.020 0.016 0.022 0.014 0.025
0.000 -0.002 0.001 -0.027 0.004 0.017 1.001 -0.005 -0.006 -0.008 -0.006 -0.009 -0.008 -0.017 -0.005 -0.005 -0.005 -0.015 -0.007 -0.011 -0.012 -0.008 -0.012 -0.005 -0.005 -0.010 -0.008 -0.010 -0.006 -0.018
0.001 -0.003 0.000 -0.030 0.003 0.014 -0.005 1.001 -0.001 0.001 0.000 0.000 0.003 -0.001 -0.000 0.000 0.000 0.001 0.001 0.002 0.001 0.001 0.005 -0.000 -0.001 0.002 -0.000 0.003 -0.001 0.001
0.000 -0.003 0.000 0.008 0.001 0.014 -0.006 -0.001 1.000 0.016 0.015 0.016 0.016 0.021 0.015 0.015 0.015 0.020 0.015 0.017 0.018 0.016 0.018 0.015 0.015 0.017 0.016 0.017 0.015 0.021
0.000 -0.001 0.001 -0.030 0.004 0.018 -0.008 0.001 0.016 1.002 0.012 0.010 0.012 0.005 0.012 0.012 0.012 0.007 0.011 0.010 0.009 0.011 0.011 0.011 0.011 0.010 0.011 0.011 0.011 0.005
0.001 -0.003 0.000 -0.026 0.003 0.014 -0.006 0.000 0.015 0.012 1.001 0.049 0.052 0.059 0.045 0.045 0.046 0.059 0.047 0.054 0.054 0.050 0.060 0.044 0.044 0.052 0.048 0.054 0.045 0.063
0.000 -0.001 0.001 -0.007 0.003 0.018 -0.009 0.000 0.016 0.010 0.049 1.003 0.022 0.019 0.025 0.025 0.025 0.017 0.024 0.020 0.020 0.023 0.017 0.025 0.025 0.021 0.023 0.020 0.025 0.017
0.000 -0.001 0.001 -0.071 0.006 0.019 -0.008 0.003 0.016 0.012 0.052 0.022 1.009 -0.001 0.004 0.005 0.005 0.006 0.006 0.009 0.005 0.008 0.014 0.003 0.002 0.008 0.004 0.012 0.003 0.003
-0.001 0.002 0.003 0.115 -0.004 0.023 -0.017 -0.001 0.021 0.005 0.059 0.019 -0.001 1.018 0.013 0.011 0.010 -0.004 0.008 -0.002 0.003 0.003 -0.017 0.014 0.016 -0.000 0.010 -0.007 0.015 -0.004
0.000 -0.003 0.000 -0.008 0.002 0.014 -0.005 -0.000 0.015 0.012 0.045 0.025 0.004 0.013 1.003 -0.006 -0.006 -0.019 -0.008 -0.013 -0.014 -0.009 -0.017 -0.006 -0.006 -0.012 -0.008 -0.013 -0.007 -0.023
0.001 -0.003 0.000 -0.030 0.003 0.014 -0.005 0.000 0.015 0.012 0.045 0.025 0.005 0.011 -0.006 1.004 0.003 0.004 0.003 0.005 0.004 0.004 0.007 0.002 0.002 0.005 0.003 0.006 0.002 0.004
0.001 -0.003 0.000 -0.025 0.003 0.014 -0.005 0.000 0.015 0.012 0.046 0.025 0.005 0.010 -0.006 0.003 1.004 -0.002 -0.001 -0.001 -0.002 -0.001 0.001 -0.002 -0.002 -0.001 -0.002 0.000 -0.002 -0.004
-0.001 0.002 0.003 0.029 0.001 0.025 -0.015 0.001 0.020 0.007 0.059 0.017 0.006 -0.004 -0.019 0.004 -0.002 1.006 -0.016 -0.014 -0.013 -0.016 -0.015 -0.015 -0.015 -0.015 -0.015 -0.016 -0.015 -0.009
0.000 -0.002 0.001 -0.023 0.003 0.016 -0.007 0.001 0.015 0.011 0.047 0.024 0.006 0.008 -0.008 0.003 -0.001 -0.016 1.004 -0.018 -0.019 -0.016 -0.019 -0.015 -0.015 -0.018 -0.016 -0.017 -0.015 -0.023
0.000 0.000 0.002 -0.034 0.005 0.021 -0.011 0.002 0.017 0.010 0.054 0.020 0.009 -0.002 -0.013 0.005 -0.001 -0.014 -0.018 1.006 -0.012 -0.012 -0.006 -0.015 -0.016 -0.011 -0.014 -0.009 -0.015 -0.009
-0.000 0.000 0.002 0.015 0.002 0.021 -0.012 0.001 0.018 0.009 0.054 0.020 0.005 0.003 -0.014 0.004 -0.002 -0.013 -0.019 -0.012 1.006 0.033 0.020 0.036 0.037 0.030 0.035 0.028 0.036 0.016
0.000 -0.001 0.001 -0.039 0.005 0.018 -0.008 0.001 0.016 0.011 0.050 0.023 0.008 0.003 -0.009 0.004 -0.001 -0.016 -0.016 -0.012 0.033 1.007 0.039 0.038 0.038 0.039 0.038 0.040 0.038 0.032
-0.000 0.002 0.003 -0.086 0.008 0.025 -0.012 0.005 0.018 0.011 0.060 0.017 0.014 -0.017 -0.017 0.007 0.001 -0.015 -0.019 -0.006 0.020 0.039 1.015 0.004 0.004 0.006 0.004 0.009 0.004 0.000
0.000 -0.003 0.000 0.001 0.001 0.014 -0.005 -0.000 0.015 0.011 0.044 0.025 0.003 0.014 -0.006 0.002 -0.002 -0.015 -0.015 -0.015 0.036 0.038 0.004 1.006 -0.004 -0.003 -0.004 -0.003 -0.004 -0.003
0.000 -0.004 -0.000 0.008 0.001 0.013 -0.005 -0.001 0.015 0.011 0.044 0.025 0.002 0.016 -0.006 0.002 -0.002 -0.015 -0.015 -0.016 0.037 0.038 0.004 -0.004 1.007 0.059 0.060 0.059 0.060 0.055
0.000 -0.000 0.002 -0.029 0.004 0.020 -0.010 0.002 0.017 0.010 0.052 0.021 0.008 -0.000 -0.012 0.005 -0.001 -0.015 -0.018 -0.011 0.030 0.039 0.006 -0.003 0.059 1.011 0.007 0.020 0.002 0.042
0.000 -0.002 0.001 0.002 0.002 0.016 -0.008 -0.000 0.016 0.011 0.048 0.023 0.004 0.010 -0.008 0.003 -0.002 -0.015 -0.016 -0.014 0.035 0.038 0.004 -0.004 0.060 0.007 1.009 0.001 0.001 0.004
0.000 0.000 0.002 -0.068 0.007 0.022 -0.010 0.003 0.017 0.011 0.054 0.020 0.012 -0.007 -0.013 0.006 0.000 -0.016 -0.017 -0.009 0.028 0.040 0.009 -0.003 0.059 0.020 0.001 1.014 0.021 0.030
0.000 -0.003 0.000 0.010 0.001 0.014 -0.006 -0.001 0.015 0.011 0.045 0.025 0.003 0.015 -0.007 0.002 -0.002 -0.015 -0.015 -0.015 0.036 0.038 0.004 -0.004 0.060 0.002 0.001 0.021 1.010 0.210
-0.001 0.003 0.004 0.076 -0.002 0.025 -0.018 0.001 0.021 0.005 0.063 0.017 0.003 -0.004 -0.023 0.004 -0.004 -0.009 -0.023 -0.009 0.016 0.032 0.000 -0.003 0.055 0.042 0.004 0.030 0.210 1.059
