1.000 0.004 0.004 0.004 0.004 0.004 0.003 0.004 0.004 -0.005 0.003 0.004 0.004 0.004 0.001 0.003 0.004 -0.004 -0.001 -0.001
0.004 1.000 -0.002 -0.002 -0.002 -0.002 -0.002 -0.002 -0.002 0.000 -0.002 -0.002 -0.002 -0.002 -0.001 -0.001 -0.002 0.000 -0.001 -0.001
0.004 -0.002 1.000 0.012 0.018 0.018 0.021 0.012 0.013 0.025 0.021 0.017 0.017 0.017 0.023 0.021 0.014 0.024 0.023 0.023
0.004 -0.002 0.012 1.000 0.005 0.005 0.005 0.005 0.005 0.003 0.005 0.005 0.005 0.005 0.005 0.005 0.005 0.003 0.004 0.004
0.004 -0.002 0.018 0.005 1.000 -0.016 -0.015 -0.017 -0.017 -0.006 -0.015 -0.016 -0.016 -0.016 -0.012 -0.014 -0.016 -0.007 -0.010 -0.010
0.004 -0.002 0.018 0.005 -0.016 1.001 -0.001 -0.001 -0.001 -0.002 -0.001 -0.001 -0.001 -0.001 -0.001 -0.001 -0.001 -0.002 -0.001 -0.001
0.003 -0.002 0.021 0.005 -0.015 -0.001 1.001 0.005 0.006 0.008 0.008 0.007 0.007 0.007 0.008 0.008 0.006 0.008 0.008 0.008
0.004 -0.002 0.012 0.005 -0.017 -0.001 0.005 1.000 0.009 0.010 0.010 0.009 0.010 0.010 0.010 0.010 0.009 0.010 0.010 0.010
0.004 -0.002 0.013 0.005 -0.017 -0.001 0.006 0.009 1.001 -0.005 -0.003 -0.003 -0.003 -0.003 -0.004 -0.004 -0.003 -0.005 -0.004 -0.004
-0.005 0.000 0.025 0.003 -0.006 -0.002 0.008 0.010 -0.005 1.001 0.027 0.031 0.031 0.031 0.024 0.027 0.034 0.022 0.024 0.024
0.003 -0.002 0.021 0.005 -0.015 -0.001 0.008 0.010 -0.003 0.027 1.002 -0.011 -0.011 -0.011 -0.014 -0.013 -0.011 -0.017 -0.015 -0.015
0.004 -0.002 0.017 0.005 -0.016 -0.001 0.007 0.009 -0.003 0.031 -0.011 1.002 0.017 0.018 0.006 0.011 0.023 0.002 0.005 0.005
0.004 -0.002 0.017 0.005 -0.016 -0.001 0.007 0.010 -0.003 0.031 -0.011 0.017 1.002 -0.003 -0.005 -0.004 -0.001 -0.006 -0.005 -0.005
0.004 -0.002 0.017 0.005 -0.016 -0.001 0.007 0.010 -0.003 0.031 -0.011 0.018 -0.003 1.002 -0.044 -0.044 -0.045 -0.042 -0.043 -0.043
0.001 -0.001 0.023 0.005 -0.012 -0.001 0.008 0.010 -0.004 0.024 -0.014 0.006 -0.005 -0.044 1.004 0.006 0.010 0.001 0.003 0.003
0.003 -0.001 0.021 0.005 -0.014 -0.001 0.008 0.010 -0.004 0.027 -0.013 0.011 -0.004 -0.044 0.006 1.004 0.032 0.037 0.036 0.036
0.004 -0.002 0.014 0.005 -0.016 -0.001 0.006 0.009 -0.003 0.034 -0.011 0.023 -0.001 -0.045 0.010 0.032 1.005 0.014 0.014 0.014
-0.004 0.000 0.024 0.003 -0.007 -0.002 0.008 0.010 -0.005 0.022 -0.017 0.002 -0.006 -0.042 0.001 0.037 0.014 1.005 0.029 0.029
-0.001 -0.001 0.023 0.004 -0.010 -0.001 0.008 0.010 -0.004 0.024 -0.015 0.005 -0.005 -0.043 0.003 0.036 0.014 0.029 1.005 -0.045
-0.001 -0.001 0.023 0.004 -0.010 -0.001 0.008 0.010 -0.004 0.024 -0.015 0.005 -0.005 -0.043 0.003 0.036 0.014 0.029 -0.045 1.008
