1.000 0.003 0.003 0.003 0.019 0.014 0.005 0.004 0.006 0.003
0.003 1.000 0.005 0.003 0.020 0.017 -0.004 -0.004 -0.005 0.003
0.003 0.005 1.000 -0.009 0.001 -0.001 -0.012 -0.012 -0.012 -0.009
0.003 0.003 -0.009 1.000 -0.049 -0.041 -0.015 -0.013 -0.016 -0.018
0.019 0.020 0.001 -0.049 1.003 0.080 0.039 0.040 0.037 0.052
0.014 0.017 -0.001 -0.041 0.080 1.008 0.018 0.017 0.020 0.007
0.005 -0.004 -0.012 -0.015 0.039 0.018 1.002 0.002 0.002 0.004
0.004 -0.004 -0.012 -0.013 0.040 0.017 0.002 1.002 0.023 0.016
0.006 -0.005 -0.012 -0.016 0.037 0.020 0.002 0.023 1.002 -0.219
0.003 0.003 -0.009 -0.018 0.052 0.007 0.004 0.016 -0.219 1.052
