1.000 0.007 0.005 0.006 0.005 0.005 0.005 0.008 0.005 0.006 0.005 0.005 0.005 0.005 0.006 0.006 0.006 0.006 0.006 0.005 0.006 0.005 0.005 0.007 0.008 0.007 0.004 0.005 0.005 0.005
0.007 1.000 0.003 0.010 0.007 0.009 0.005 0.029 0.006 0.010 0.003 0.004 0.006 0.004 0.010 0.011 0.013 0.018 0.027 0.003 0.011 0.004 0.004 0.021 0.039 0.022 0.003 0.003 0.006 0.005
0.005 0.003 1.000 0.005 0.004 0.005 0.003 0.010 0.003 0.005 0.002 0.002 0.003 0.002 0.005 0.006 0.007 0.008 0.010 0.002 0.006 0.002 0.003 0.009 0.010 0.009 0.002 0.002 0.004 0.003
0.006 0.010 0.005 1.000 -0.000 0.000 -0.001 0.000 -0.000 0.001 -0.001 -0.001 -0.000 -0.001 0.000 0.001 0.001 0.001 0.000 -0.001 0.001 -0.001 -0.001 0.001 -0.001 0.001 -0.001 -0.001 -0.000 -0.000
0.005 0.007 0.004 -0.000 1.000 -0.026 -0.023 -0.054 -0.023 -0.027 -0.022 -0.022 -0.023 -0.022 -0.026 -0.027 -0.030 -0.036 -0.053 -0.022 -0.028 -0.022 -0.023 -0.041 -0.075 -0.042 -0.022 -0.022 -0.024 -0.023
0.005 0.009 0.005 0.000 -0.026 1.001 0.003 0.003 0.002 -0.002 0.005 0.005 0.002 0.005 -0.001 -0.002 -0.003 -0.003 0.001 0.005 -0.001 0.004 0.004 -0.002 0.017 -0.003 0.005 0.005 0.001 0.003
0.005 0.005 0.003 -0.001 -0.023 0.003 1.001 -0.001 -0.001 -0.001 -0.000 -0.000 -0.001 -0.000 -0.001 -0.001 -0.002 -0.002 -0.001 -0.000 -0.001 -0.000 -0.001 -0.001 -0.001 -0.002 -0.000 -0.000 -0.001 -0.001
0.008 0.029 0.010 0.000 -0.054 0.003 -0.001 1.004 0.012 0.014 0.011 0.011 0.012 0.011 0.014 0.015 0.016 0.019 0.025 0.011 0.015 0.011 0.011 0.020 0.027 0.021 0.011 0.011 0.012 0.012
0.005 0.006 0.003 -0.000 -0.023 0.002 -0.001 0.012 1.001 0.001 0.000 0.000 0.001 0.000 0.001 0.001 0.000 0.000 -0.001 0.000 0.001 0.000 0.000 0.000 -0.001 0.000 0.000 0.000 0.001 0.001
0.006 0.010 0.005 0.001 -0.027 -0.002 -0.001 0.014 0.001 1.001 0.004 0.004 0.005 0.004 0.007 0.007 0.008 0.010 0.013 0.004 0.007 0.004 0.004 0.011 0.017 0.012 0.004 0.004 0.006 0.005
0.005 0.003 0.002 -0.001 -0.022 0.005 -0.000 0.011 0.000 0.004 1.001 -0.010 -0.013 -0.010 -0.018 -0.019 -0.022 -0.027 -0.035 -0.010 -0.019 -0.010 -0.011 -0.030 -0.042 -0.031 -0.010 -0.010 -0.014 -0.012
0.005 0.004 0.002 -0.001 -0.022 0.005 -0.000 0.011 0.000 0.004 -0.010 1.001 0.019 0.018 0.022 0.023 0.025 0.026 0.030 0.018 0.023 0.018 0.018 0.028 0.030 0.028 0.018 0.018 0.020 0.019
0.005 0.006 0.003 -0.000 -0.023 0.002 -0.001 0.012 0.001 0.005 -0.013 0.019 1.001 0.024 0.032 0.033 0.038 0.046 0.064 0.023 0.034 0.024 0.024 0.053 0.101 0.054 0.023 0.023 0.027 0.026
0.005 0.004 0.002 -0.001 -0.022 0.005 -0.000 0.011 0.000 0.004 -0.010 0.018 0.024 1.002 0.007 0.007 0.007 0.008 0.011 0.006 0.007 0.006 0.006 0.009 0.017 0.010 0.006 0.006 0.006 0.006
0.006 0.010 0.005 0.000 -0.026 -0.001 -0.001 0.014 0.001 0.007 -0.018 0.022 0.032 0.007 1.003 0.009 0.010 0.012 0.015 0.003 0.008 0.003 0.003 0.014 0.018 0.014 0.003 0.003 0.005 0.004
0.006 0.011 0.006 0.001 -0.027 -0.002 -0.001 0.015 0.001 0.007 -0.019 0.023 0.033 0.007 0.009 1.003 0.021 0.024 0.031 0.013 0.019 0.013 0.014 0.027 0.036 0.027 0.013 0.013 0.015 0.014
0.006 0.013 0.007 0.001 -0.030 -0.003 -0.002 0.016 0.000 0.008 -0.022 0.025 0.038 0.007 0.010 0.021 1.004 0.024 0.025 0.031 0.026 0.031 0.030 0.024 0.033 0.023 0.031 0.031 0.028 0.029
0.006 0.018 0.008 0.001 -0.036 -0.003 -0.002 0.019 0.000 0.010 -0.027 0.026 0.046 0.008 0.012 0.024 0.024 1.006 0.034 0.002 0.015 0.002 0.003 0.029 0.038 0.030 0.001 0.001 0.008 0.005
0.006 0.027 0.010 0.000 -0.053 0.001 -0.001 0.025 -0.001 0.013 -0.035 0.030 0.064 0.011 0.015 0.031 0.025 0.034 1.012 0.022 0.032 0.022 0.022 0.039 0.029 0.040 0.021 0.021 0.027 0.024
0.005 0.003 0.002 -0.001 -0.022 0.005 -0.000 0.011 0.000 0.004 -0.010 0.018 0.023 0.006 0.003 0.013 0.031 0.002 0.022 1.003 0.004 0.004 0.004 0.005 0.008 0.005 0.003 0.004 0.004 0.004
0.006 0.011 0.006 0.001 -0.028 -0.001 -0.001 0.015 0.001 0.007 -0.019 0.023 0.034 0.007 0.008 0.019 0.026 0.015 0.032 0.004 1.005 0.011 0.010 -0.044 -0.062 -0.048 0.014 0.013 -0.001 0.005
0.005 0.004 0.002 -0.001 -0.022 0.004 -0.000 0.011 0.000 0.004 -0.010 0.018 0.024 0.006 0.003 0.013 0.031 0.002 0.022 0.004 0.011 1.003 0.005 0.005 0.006 0.005 0.005 0.005 0.005 0.005
0.005 0.004 0.003 -0.001 -0.023 0.004 -0.001 0.011 0.000 0.004 -0.011 0.018 0.024 0.006 0.003 0.014 0.030 0.003 0.022 0.004 0.010 0.005 1.003 0.007 0.014 0.008 -0.005 -0.005 -0.003 -0.004
0.007 0.021 0.009 0.001 -0.041 -0.002 -0.001 0.020 0.000 0.011 -0.030 0.028 0.053 0.009 0.014 0.027 0.024 0.029 0.039 0.005 -0.044 0.005 0.007 1.012 0.052 0.035 0.004 0.004 0.011 0.008
0.008 0.039 0.010 -0.001 -0.075 0.017 -0.001 0.027 -0.001 0.017 -0.042 0.030 0.101 0.017 0.018 0.036 0.033 0.038 0.029 0.008 -0.062 0.006 0.014 0.052 1.029 0.038 0.016 0.016 0.018 0.017
0.007 0.022 0.009 0.001 -0.042 -0.003 -0.002 0.021 0.000 0.012 -0.031 0.028 0.054 0.010 0.014 0.027 0.023 0.030 0.040 0.005 -0.048 0.005 0.008 0.035 0.038 1.014 0.012 0.012 0.024 0.019
0.004 0.003 0.002 -0.001 -0.022 0.005 -0.000 0.011 0.000 0.004 -0.010 0.018 0.023 0.006 0.003 0.013 0.031 0.001 0.021 0.003 0.014 0.005 -0.005 0.004 0.016 0.012 1.003 0.003 0.002 0.003
0.005 0.003 0.002 -0.001 -0.022 0.005 -0.000 0.011 0.000 0.004 -0.010 0.018 0.023 0.006 0.003 0.013 0.031 0.001 0.021 0.004 0.013 0.005 -0.005 0.004 0.016 0.012 0.003 1.003 0.015 0.016
0.005 0.006 0.004 -0.000 -0.024 0.001 -0.001 0.012 0.001 0.006 -0.014 0.020 0.027 0.006 0.005 0.015 0.028 0.008 0.027 0.004 -0.001 0.005 -0.003 0.011 0.018 0.024 0.002 0.015 1.004 0.002
0.005 0.005 0.003 -0.000 -0.023 0.003 -0.001 0.012 0.001 0.005 -0.012 0.019 0.026 0.006 0.004 0.014 0.029 0.005 0.024 0.004 0.005 0.005 -0.004 0.008 0.017 0.019 0.003 0.016 0.002 1.004
