1.000 -0.012 -0.012 -0.011 -0.012 -0.013 -0.012 -0.014 -0.013 -0.012 -0.012 -0.013 -0.012 -0.011 -0.012 -0.012 -0.012 -0.012 -0.014 -0.018
-0.012 1.000 -0.005 -0.004 -0.007 -0.007 -0.006 -0.011 -0.009 -0.006 -0.006 -0.008 -0.006 -0.004 -0.005 -0.006 -0.004 -0.004 -0.011 -0.024
-0.012 -0.005 1.000 0.005 0.006 0.006 0.006 0.007 0.006 0.006 0.006 0.006 0.006 0.005 0.005 0.006 0.005 0.005 0.007 0.010
-0.011 -0.004 0.005 1.000 -0.005 -0.006 -0.004 -0.012 -0.009 -0.004 -0.004 -0.006 -0.004 -0.001 -0.003 -0.004 -0.001 -0.001 -0.012 -0.032
-0.012 -0.007 0.006 -0.005 1.000 -0.012 -0.012 -0.012 -0.012 -0.012 -0.012 -0.012 -0.012 -0.012 -0.012 -0.012 -0.012 -0.012 -0.012 -0.013
-0.013 -0.007 0.006 -0.006 -0.012 1.000 -0.003 -0.026 -0.017 -0.003 -0.002 -0.010 -0.003 0.007 0.001 -0.003 0.006 0.006 -0.024 -0.084
-0.012 -0.006 0.006 -0.004 -0.012 -0.003 1.000 -0.016 -0.018 -0.019 -0.019 -0.018 -0.019 -0.020 -0.020 -0.019 -0.020 -0.020 -0.017 -0.009
-0.014 -0.011 0.007 -0.012 -0.012 -0.026 -0.016 1.002 0.017 0.010 0.009 0.013 0.010 0.004 0.008 0.010 0.005 0.005 0.021 0.053
-0.013 -0.009 0.006 -0.009 -0.012 -0.017 -0.018 0.017 1.001 0.014 0.013 0.015 0.014 0.012 0.013 0.013 0.012 0.012 0.018 0.030
-0.012 -0.006 0.006 -0.004 -0.012 -0.003 -0.019 0.010 0.014 1.001 0.009 0.010 0.009 0.009 0.009 0.009 0.009 0.009 0.010 0.012
-0.012 -0.006 0.006 -0.004 -0.012 -0.002 -0.019 0.009 0.013 0.009 1.001 0.020 0.021 0.024 0.022 0.021 0.024 0.023 0.016 0.002
-0.013 -0.008 0.006 -0.006 -0.012 -0.010 -0.018 0.013 0.015 0.010 0.020 1.002 0.026 0.025 0.026 0.026 0.025 0.025 0.029 0.037
-0.012 -0.006 0.006 -0.004 -0.012 -0.003 -0.019 0.010 0.014 0.009 0.021 0.026 1.002 0.011 0.011 0.011 0.011 0.011 0.012 0.014
-0.011 -0.004 0.005 -0.001 -0.012 0.007 -0.020 0.004 0.012 0.009 0.024 0.025 0.011 1.002 -0.050 -0.050 -0.050 -0.050 -0.048 -0.045
-0.012 -0.005 0.005 -0.003 -0.012 0.001 -0.020 0.008 0.013 0.009 0.022 0.026 0.011 -0.050 1.005 0.007 0.014 0.014 -0.007 -0.049
-0.012 -0.006 0.006 -0.004 -0.012 -0.003 -0.019 0.010 0.013 0.009 0.021 0.026 0.011 -0.050 0.007 1.005 0.033 0.033 0.036 0.043
-0.012 -0.004 0.005 -0.001 -0.012 0.006 -0.020 0.005 0.012 0.009 0.024 0.025 0.011 -0.050 0.014 0.033 1.006 -0.051 -0.087 -0.158
-0.012 -0.004 0.005 -0.001 -0.012 0.006 -0.020 0.005 0.012 0.009 0.023 0.025 0.011 -0.050 0.014 0.033 -0.051 1.009 0.013 0.013
-0.014 -0.011 0.007 -0.012 -0.012 -0.024 -0.017 0.021 0.018 0.010 0.016 0.029 0.012 -0.048 -0.007 0.036 -0.087 0.013 1.016 0.371
-0.018 -0.024 0.010 -0.032 -0.013 -0.084 -0.009 0.053 0.030 0.012 0.002 0.037 0.014 -0.045 -0.049 0.043 -0.158 0.013 0.371 1.167
