1.000 -0.174 -0.074 -0.124 -0.242 -0.051 -0.097 -0.050 -0.063 -0.076
-0.174 1.030 -0.069 -0.081 -0.103 -0.061 -0.075 -0.060 -0.065 0.030
-0.074 -0.069 1.012 -0.058 -0.124 -0.047 -0.056 -0.048 -0.051 -0.043
-0.124 -0.081 -0.058 1.032 -0.325 -0.088 -0.123 -0.087 -0.096 0.029
-0.242 -0.103 -0.124 -0.325 1.248 0.024 0.044 0.024 0.031 0.062
-0.051 -0.061 -0.047 -0.088 0.024 1.024 -0.107 -0.154 -0.129 0.049
-0.097 -0.075 -0.056 -0.123 0.044 -0.107 1.069 -0.098 -0.092 0.147
-0.050 -0.060 -0.048 -0.087 0.024 -0.154 -0.098 1.080 -0.117 0.157
-0.063 -0.065 -0.051 -0.096 0.031 -0.129 -0.092 -0.117 1.115 0.671
-0.076 0.030 -0.043 0.029 0.062 0.049 0.147 0.157 0.671 1.612
