1.000 -0.017 -0.017 -0.015 -0.016 0.017 -0.017 -0.017 -0.017 -0.016 -0.008 -0.010 0.001 -0.013 -0.018 -0.010 0.009 0.005 -0.017 0.005
-0.017 1.000 -0.021 0.029 0.019 -0.113 -0.017 0.036 0.002 0.038 0.047 -0.022 -0.077 -0.054 -0.029 0.003 -0.073 0.028 -0.053 -0.079
-0.017 -0.021 1.001 -0.015 -0.014 -0.018 -0.013 -0.014 -0.013 -0.014 -0.017 -0.016 -0.016 -0.014 -0.013 -0.016 -0.018 -0.020 -0.012 -0.017
-0.015 0.029 -0.015 1.001 -0.054 -0.121 -0.053 -0.053 -0.054 -0.053 -0.077 -0.075 -0.096 -0.068 -0.053 -0.076 -0.110 -0.101 -0.055 -0.101
-0.016 0.019 -0.014 -0.054 1.004 -0.001 0.001 0.001 0.001 0.001 0.002 0.000 -0.001 -0.000 0.000 0.001 -0.000 0.001 -0.000 -0.001
0.017 -0.113 -0.018 -0.121 -0.001 1.027 0.004 -0.001 0.003 -0.000 0.008 0.015 0.021 0.014 0.005 0.014 0.026 0.017 0.009 0.020
-0.017 -0.017 -0.013 -0.053 0.001 0.004 1.004 0.053 0.053 0.053 0.060 0.060 0.071 0.058 0.054 0.060 0.079 0.073 0.054 0.074
-0.017 0.036 -0.014 -0.053 0.001 -0.001 0.053 1.007 -0.008 -0.007 0.004 0.000 0.006 -0.004 -0.010 0.002 0.012 0.013 -0.010 0.008
-0.017 0.002 -0.013 -0.054 0.001 0.003 0.053 -0.008 1.006 0.063 0.058 0.059 0.053 0.061 0.064 0.059 0.049 0.051 0.064 0.051
-0.016 0.038 -0.014 -0.053 0.001 -0.000 0.053 -0.007 0.063 1.011 0.006 0.004 0.001 0.002 0.003 0.005 0.000 0.005 0.002 0.000
-0.008 0.047 -0.017 -0.077 0.002 0.008 0.060 0.004 0.058 0.006 1.015 0.048 0.036 0.048 0.052 0.049 0.030 0.038 0.051 0.033
-0.010 -0.022 -0.016 -0.075 0.000 0.015 0.060 0.000 0.059 0.004 0.048 1.014 -0.117 -0.139 -0.155 -0.129 -0.106 -0.112 -0.152 -0.117
0.001 -0.077 -0.016 -0.096 -0.001 0.021 0.071 0.006 0.053 0.001 0.036 -0.117 1.040 0.042 0.054 0.029 0.016 0.011 0.054 0.020
-0.013 -0.054 -0.014 -0.068 -0.000 0.014 0.058 -0.004 0.061 0.002 0.048 -0.139 0.042 1.039 -0.082 -0.061 -0.034 -0.044 -0.079 -0.041
-0.018 -0.029 -0.013 -0.053 0.000 0.005 0.054 -0.010 0.064 0.003 0.052 -0.155 0.054 -0.082 1.055 -0.088 -0.144 -0.137 -0.048 -0.128
-0.010 0.003 -0.016 -0.076 0.001 0.014 0.060 0.002 0.059 0.005 0.049 -0.129 0.029 -0.061 -0.088 1.061 0.188 0.186 0.159 0.182
0.009 -0.073 -0.018 -0.110 -0.000 0.026 0.079 0.012 0.049 0.000 0.030 -0.106 0.016 -0.034 -0.144 0.188 1.095 -0.020 -0.097 -0.020
0.005 0.028 -0.020 -0.101 0.001 0.017 0.073 0.013 0.051 0.005 0.038 -0.112 0.011 -0.044 -0.137 0.186 -0.020 1.099 0.404 0.240
-0.017 -0.053 -0.012 -0.055 -0.000 0.009 0.054 -0.010 0.064 0.002 0.051 -0.152 0.054 -0.079 -0.048 0.159 -0.097 0.404 1.206 0.047
0.005 -0.079 -0.017 -0.101 -0.001 0.020 0.074 0.008 0.051 0.000 0.033 -0.117 0.020 -0.041 -0.128 0.182 -0.020 0.240 0.047 1.134
