1.000 -0.005 -0.004 -0.005 -0.005 -0.004 -0.005 0.021 -0.005 0.003 -0.005 0.014 -0.005 -0.004 0.015 -0.005 -0.001 -0.001 -0.005 -0.005 0.006 -0.005 0.001 -0.003 -0.001 -0.003 -0.005 -0.005 -0.001 0.018
-0.005 1.000 0.014 0.015 0.015 0.013 0.015 -0.010 0.015 0.004 0.014 -0.005 0.015 0.014 -0.005 0.014 0.010 0.010 0.015 0.015 0.001 0.015 0.008 0.012 0.010 0.013 0.015 0.015 0.010 -0.007
-0.004 0.014 1.000 0.004 0.004 0.005 0.004 0.001 0.004 0.004 0.004 0.002 0.004 0.004 0.002 0.004 0.005 0.004 0.004 0.004 0.004 0.004 0.004 0.005 0.004 0.004 0.004 0.004 0.004 0.001
-0.005 0.015 0.004 1.000 -0.004 -0.005 -0.004 -0.016 -0.004 -0.008 -0.004 -0.013 -0.004 -0.004 -0.013 -0.004 -0.006 -0.006 -0.004 -0.004 -0.010 -0.004 -0.007 -0.005 -0.006 -0.005 -0.004 -0.004 -0.006 -0.014
-0.005 0.015 0.004 -0.004 1.000 -0.021 -0.018 -0.072 -0.017 -0.035 -0.018 -0.058 -0.018 -0.019 -0.059 -0.018 -0.027 -0.026 -0.017 -0.017 -0.040 -0.017 -0.029 -0.022 -0.025 -0.021 -0.018 -0.017 -0.026 -0.068
-0.004 0.013 0.005 -0.005 -0.021 1.001 0.009 0.020 0.009 0.013 0.009 0.017 0.009 0.009 0.018 0.009 0.011 0.011 0.009 0.009 0.014 0.009 0.011 0.010 0.011 0.010 0.009 0.009 0.011 0.019
-0.005 0.015 0.004 -0.004 -0.018 0.009 1.001 0.007 0.003 0.003 0.003 0.005 0.003 0.003 0.005 0.003 0.003 0.003 0.003 0.003 0.003 0.003 0.002 0.003 0.002 0.002 0.003 0.003 0.002 0.006
0.021 -0.010 0.001 -0.016 -0.072 0.020 0.007 1.006 0.014 0.023 0.014 0.038 0.014 0.015 0.040 0.014 0.019 0.018 0.014 0.013 0.026 0.013 0.020 0.016 0.018 0.016 0.014 0.014 0.018 0.046
-0.005 0.015 0.004 -0.004 -0.017 0.009 0.003 0.014 1.001 0.015 0.008 0.022 0.009 0.009 0.022 0.009 0.012 0.012 0.008 0.008 0.016 0.008 0.013 0.011 0.012 0.010 0.009 0.008 0.012 0.024
0.003 0.004 0.004 -0.008 -0.035 0.013 0.003 0.023 0.015 1.002 -0.004 0.010 -0.004 -0.004 0.010 -0.004 -0.001 -0.001 -0.004 -0.004 0.004 -0.004 -0.000 -0.003 -0.002 -0.003 -0.004 -0.004 -0.001 0.013
-0.005 0.014 0.004 -0.004 -0.018 0.009 0.003 0.014 0.008 -0.004 1.001 -0.047 0.017 0.015 -0.050 0.017 0.005 0.006 0.018 0.018 -0.017 0.018 0.002 0.011 0.007 0.013 0.017 0.018 0.006 -0.065
0.014 -0.005 0.002 -0.013 -0.058 0.017 0.005 0.038 0.022 0.010 -0.047 1.008 -0.002 -0.002 0.015 -0.002 0.001 0.001 -0.003 -0.003 0.007 -0.003 0.002 -0.001 0.000 -0.001 -0.002 -0.002 0.001 0.018
-0.005 0.015 0.004 -0.004 -0.018 0.009 0.003 0.014 0.009 -0.004 0.017 -0.002 1.001 0.031 0.042 0.030 0.031 0.031 0.030 0.030 0.034 0.030 0.032 0.031 0.031 0.031 0.030 0.030 0.031 0.047
-0.004 0.014 0.004 -0.004 -0.019 0.009 0.003 0.015 0.009 -0.004 0.015 -0.002 0.031 1.002 0.067 -0.005 0.008 0.007 -0.005 -0.005 0.031 -0.005 0.011 0.002 0.005 0.000 -0.004 -0.005 0.007 0.085
0.015 -0.005 0.002 -0.013 -0.059 0.018 0.005 0.040 0.022 0.010 -0.050 0.015 0.042 0.067 1.014 -0.047 -0.043 -0.043 -0.047 -0.047 -0.033 -0.047 -0.042 -0.045 -0.044 -0.046 -0.047 -0.047 -0.044 -0.008
-0.005 0.014 0.004 -0.004 -0.018 0.009 0.003 0.014 0.009 -0.004 0.017 -0.002 0.030 -0.005 -0.047 1.004 0.005 0.005 0.004 0.005 0.005 0.004 0.005 0.005 0.005 0.005 0.005 0.004 0.005 0.005
-0.001 0.010 0.005 -0.006 -0.027 0.011 0.003 0.019 0.012 -0.001 0.005 0.001 0.031 0.008 -0.043 0.005 1.005 0.026 0.018 0.018 0.040 0.017 0.030 0.022 0.026 0.022 0.018 0.018 0.026 0.066
-0.001 0.010 0.004 -0.006 -0.026 0.011 0.003 0.018 0.012 -0.001 0.006 0.001 0.031 0.007 -0.043 0.005 0.026 1.005 -0.005 -0.005 0.001 -0.005 -0.001 -0.003 -0.002 -0.003 -0.004 -0.005 -0.002 -0.002
-0.005 0.015 0.004 -0.004 -0.017 0.009 0.003 0.014 0.008 -0.004 0.018 -0.003 0.030 -0.005 -0.047 0.004 0.018 -0.005 1.005 0.034 0.038 0.034 0.035 0.034 0.034 0.034 0.034 0.034 0.034 0.045
-0.005 0.015 0.004 -0.004 -0.017 0.009 0.003 0.013 0.008 -0.004 0.018 -0.003 0.030 -0.005 -0.047 0.005 0.018 -0.005 0.034 1.006 -0.016 -0.006 -0.010 -0.008 -0.009 -0.008 -0.006 -0.006 -0.009 -0.032
0.006 0.001 0.004 -0.010 -0.040 0.014 0.003 0.026 0.016 0.004 -0.017 0.007 0.034 0.031 -0.033 0.005 0.040 0.001 0.038 -0.016 1.009 0.040 0.056 0.048 0.051 0.046 0.041 0.040 0.052 0.100
-0.005 0.015 0.004 -0.004 -0.017 0.009 0.003 0.013 0.008 -0.004 0.018 -0.003 0.030 -0.005 -0.047 0.004 0.017 -0.005 0.034 -0.006 0.040 1.007 -0.001 -0.005 -0.003 -0.005 -0.008 -0.008 -0.003 0.006
0.001 0.008 0.004 -0.007 -0.029 0.011 0.002 0.020 0.013 -0.000 0.002 0.002 0.032 0.011 -0.042 0.005 0.030 -0.001 0.035 -0.010 0.056 -0.001 1.009 -0.020 -0.018 -0.020 -0.022 -0.022 -0.018 -0.009
-0.003 0.012 0.005 -0.005 -0.022 0.010 0.003 0.016 0.011 -0.003 0.011 -0.001 0.031 0.002 -0.045 0.005 0.022 -0.003 0.034 -0.008 0.048 -0.005 -0.020 1.009 0.042 0.044 0.046 0.047 0.042 0.040
-0.001 0.010 0.004 -0.006 -0.025 0.011 0.002 0.018 0.012 -0.002 0.007 0.000 0.031 0.005 -0.044 0.005 0.026 -0.002 0.034 -0.009 0.051 -0.003 -0.018 0.042 1.010 0.001 0.003 0.003 -0.001 -0.022
-0.003 0.013 0.004 -0.005 -0.021 0.010 0.002 0.016 0.010 -0.003 0.013 -0.001 0.031 0.000 -0.046 0.005 0.022 -0.003 0.034 -0.008 0.046 -0.005 -0.020 0.044 0.001 1.010 0.016 0.016 0.014 -0.001
-0.005 0.015 0.004 -0.004 -0.018 0.009 0.003 0.014 0.009 -0.004 0.017 -0.002 0.030 -0.004 -0.047 0.005 0.018 -0.004 0.034 -0.006 0.041 -0.008 -0.022 0.046 0.003 0.016 1.010 0.040 0.037 0.011
-0.005 0.015 0.004 -0.004 -0.017 0.009 0.003 0.014 0.008 -0.004 0.018 -0.002 0.030 -0.005 -0.047 0.004 0.018 -0.005 0.034 -0.006 0.040 -0.008 -0.022 0.047 0.003 0.016 0.040 1.011 0.020 0.024
-0.001 0.010 0.004 -0.006 -0.026 0.011 0.002 0.018 0.012 -0.001 0.006 0.001 0.031 0.007 -0.044 0.005 0.026 -0.002 0.034 -0.009 0.052 -0.003 -0.018 0.042 -0.001 0.014 0.037 0.020 1.011 -0.011
0.018 -0.007 0.001 -0.014 -0.068 0.019 0.006 0.046 0.024 0.013 -0.065 0.018 0.047 0.085 -0.008 0.005 0.066 -0.002 0.045 -0.032 0.100 0.006 -0.009 0.040 -0.022 -0.001 0.011 0.024 -0.011 1.040
