1.000 0.136 0.019 0.023 0.019 0.023 0.020 0.023 0.083 0.159
0.136 1.019 0.007 0.006 0.007 0.006 0.005 0.006 0.037 0.077
0.019 0.007 1.000 -0.006 0.020 -0.005 0.015 -0.007 0.098 0.216
0.023 0.006 -0.006 1.001 0.001 0.000 0.001 -0.000 0.002 0.004
0.019 0.007 0.020 0.001 1.001 -0.006 -0.001 -0.007 -0.011 -0.017
0.023 0.006 -0.005 0.000 -0.006 1.001 0.035 0.056 0.103 0.169
0.020 0.005 0.015 0.001 -0.001 0.035 1.002 -0.063 -0.033 -0.006
0.023 0.006 -0.007 -0.000 -0.007 0.056 -0.063 1.008 0.033 0.019
0.083 0.037 0.098 0.002 -0.011 0.103 -0.033 0.033 1.029 0.068
0.159 0.077 0.216 0.004 -0.017 0.169 -0.006 0.019 0.068 1.102
