1.000 0.000 0.001 0.001 0.001 0.002 0.002 0.002 0.002 -0.000
0.000 1.000 -0.039 -0.040 -0.048 -0.039 -0.044 -0.040 -0.039 -0.064
0.001 -0.039 1.002 0.002 0.002 0.002 0.002 0.002 0.001 0.004
0.001 -0.040 0.002 1.002 0.036 0.069 0.046 0.058 0.068 0.018
0.001 -0.048 0.002 0.036 1.003 0.013 0.013 0.015 0.013 -0.003
0.002 -0.039 0.002 0.069 0.013 1.006 0.015 0.006 -0.001 0.039
0.002 -0.044 0.002 0.046 0.013 0.015 1.004 0.081 0.077 0.115
0.002 -0.040 0.002 0.058 0.015 0.006 0.081 1.011 0.014 0.010
0.002 -0.039 0.001 0.068 0.013 -0.001 0.077 0.014 1.011 0.014
-0.000 -0.064 0.004 0.018 -0.003 0.039 0.115 0.010 0.014 1.018
