1.000 -0.004 -0.004 -0.004 0.000 -0.005 -0.004 0.003 0.003 -0.004 0.001 0.000 -0.004 -0.006 -0.004 0.003 0.001 0.010 -0.004 -0.004
-0.004 1.000 -0.000 -0.000 -0.000 -0.000 -0.000 -0.000 -0.000 -0.000 -0.000 -0.000 -0.000 -0.001 -0.000 -0.000 -0.000 -0.000 -0.000 -0.000
-0.004 -0.000 1.000 -0.016 -0.018 -0.016 -0.016 -0.020 -0.020 -0.016 -0.018 -0.018 -0.016 -0.015 -0.016 -0.020 -0.019 -0.025 -0.016 -0.016
-0.004 -0.000 -0.016 1.000 0.011 0.010 0.010 0.011 0.012 0.010 0.011 0.011 0.010 0.009 0.010 0.012 0.012 0.012 0.010 0.010
0.000 -0.000 -0.018 0.011 1.000 -0.002 -0.001 -0.002 -0.001 -0.002 -0.001 -0.000 -0.001 -0.004 -0.002 -0.001 0.001 -0.006 -0.001 -0.001
-0.005 -0.000 -0.016 0.010 -0.002 1.000 0.000 0.000 0.000 0.000 0.000 0.000 0.000 0.001 0.000 0.000 -0.000 0.001 0.000 0.000
-0.004 -0.000 -0.016 0.010 -0.001 0.000 1.000 -0.000 -0.000 0.000 0.000 0.000 0.000 0.000 0.000 0.000 0.000 -0.001 0.000 0.000
0.003 -0.000 -0.020 0.011 -0.002 0.000 -0.000 1.001 0.013 0.011 0.012 0.012 0.011 0.011 0.011 0.013 0.012 0.017 0.011 0.011
0.003 -0.000 -0.020 0.012 -0.001 0.000 -0.000 0.013 1.001 -0.002 -0.007 -0.007 -0.003 0.001 -0.002 -0.008 -0.008 -0.010 -0.002 -0.002
-0.004 -0.000 -0.016 0.010 -0.002 0.000 0.000 0.011 -0.002 1.000 -0.001 -0.001 -0.001 -0.002 -0.001 -0.001 -0.001 -0.003 -0.001 -0.001
0.001 -0.000 -0.018 0.011 -0.001 0.000 0.000 0.012 -0.007 -0.001 1.001 -0.007 -0.005 -0.003 -0.004 -0.010 -0.008 -0.016 -0.004 -0.004
0.000 -0.000 -0.018 0.011 -0.000 0.000 0.000 0.012 -0.007 -0.001 -0.007 1.001 0.005 0.005 0.005 0.004 0.005 -0.001 0.005 0.005
-0.004 -0.000 -0.016 0.010 -0.001 0.000 0.000 0.011 -0.003 -0.001 -0.005 0.005 1.001 -0.000 -0.001 -0.001 -0.002 -0.001 -0.001 -0.001
-0.006 -0.001 -0.015 0.009 -0.004 0.001 0.000 0.011 0.001 -0.002 -0.003 0.005 -0.000 1.001 -0.002 -0.002 -0.002 0.001 -0.002 -0.002
-0.004 -0.000 -0.016 0.010 -0.002 0.000 0.000 0.011 -0.002 -0.001 -0.004 0.005 -0.001 -0.002 1.001 0.049 0.040 0.082 0.029 0.029
0.003 -0.000 -0.020 0.012 -0.001 0.000 0.000 0.013 -0.008 -0.001 -0.010 0.004 -0.001 -0.002 0.049 1.003 0.004 0.008 0.004 0.004
0.001 -0.000 -0.019 0.012 0.001 -0.000 0.000 0.012 -0.008 -0.001 -0.008 0.005 -0.002 -0.002 0.040 0.004 1.002 0.002 0.000 0.001
0.010 -0.000 -0.025 0.012 -0.006 0.001 -0.001 0.017 -0.010 -0.003 -0.016 -0.001 -0.001 0.001 0.082 0.008 0.002 1.008 0.011 0.011
-0.004 -0.000 -0.016 0.010 -0.001 0.000 0.000 0.011 -0.002 -0.001 -0.004 0.005 -0.001 -0.002 0.029 0.004 0.000 0.011 1.001 -0.000
-0.004 -0.000 -0.016 0.010 -0.001 0.000 0.000 0.011 -0.002 -0.001 -0.004 0.005 -0.001 -0.002 0.029 0.004 0.001 0.011 -0.000 1.001
