1.000 -0.447 -0.443 -0.454 -0.410 -0.439 -0.435 -0.435 -0.460 -0.465 -0.444 -0.462 -0.478 -0.487 -0.456 -0.365 -0.450 -0.437 -0.445 -0.441 -0.466 -0.432 -0.470 -0.460 -0.463 -0.483 -0.461 -0.435 -0.469 -0.463
-0.447 1.200 0.211 0.225 0.193 0.210 0.198 0.217 0.218 0.230 0.221 0.226 0.234 0.221 0.225 0.167 0.216 0.199 0.206 0.201 0.227 0.204 0.226 0.228 0.213 0.222 0.217 0.205 0.213 0.221
-0.443 0.211 1.196 0.228 0.199 0.217 0.196 0.220 0.225 0.233 0.223 0.230 0.238 0.222 0.228 0.164 0.222 0.198 0.213 0.197 0.231 0.211 0.231 0.231 0.218 0.229 0.224 0.212 0.213 0.227
-0.454 0.225 0.228 1.207 0.237 0.244 0.261 0.234 0.256 0.247 0.238 0.249 0.255 0.282 0.244 0.230 0.248 0.261 0.256 0.265 0.251 0.245 0.257 0.245 0.267 0.274 0.258 0.246 0.276 0.255
-0.410 0.193 0.199 0.237 1.171 0.237 0.225 0.240 0.245 0.253 0.244 0.250 0.257 0.248 0.248 0.196 0.242 0.226 0.235 0.227 0.251 0.232 0.251 0.251 0.241 0.250 0.244 0.233 0.239 0.247
-0.439 0.210 0.217 0.244 0.237 1.198 0.206 0.205 0.218 0.218 0.209 0.217 0.224 0.230 0.215 0.176 0.213 0.208 0.212 0.209 0.219 0.206 0.222 0.216 0.220 0.229 0.219 0.207 0.222 0.219
-0.435 0.198 0.196 0.261 0.225 0.206 1.195 0.114 0.088 0.129 0.118 0.115 0.128 0.025 0.119 -0.047 0.093 -0.005 0.051 -0.017 0.114 0.068 0.104 0.125 0.046 0.061 0.081 0.067 0.008 0.094
-0.435 0.217 0.220 0.234 0.240 0.205 0.114 1.202 0.234 0.227 0.219 0.229 0.234 0.262 0.225 0.215 0.227 0.243 0.234 0.248 0.231 0.223 0.235 0.225 0.245 0.251 0.235 0.225 0.256 0.234
-0.460 0.218 0.225 0.256 0.245 0.218 0.088 0.234 1.232 0.233 0.223 0.231 0.239 0.241 0.228 0.185 0.225 0.217 0.221 0.221 0.232 0.215 0.234 0.230 0.231 0.238 0.229 0.216 0.232 0.230
-0.465 0.230 0.233 0.247 0.253 0.218 0.129 0.227 0.233 1.228 0.245 0.253 0.261 0.266 0.251 0.209 0.248 0.242 0.247 0.245 0.255 0.240 0.258 0.252 0.256 0.264 0.254 0.241 0.257 0.255
-0.444 0.221 0.223 0.238 0.244 0.209 0.118 0.219 0.223 0.245 1.210 0.191 0.197 0.216 0.187 0.162 0.189 0.193 0.194 0.197 0.193 0.184 0.198 0.188 0.204 0.211 0.197 0.185 0.208 0.196
-0.462 0.226 0.230 0.249 0.250 0.217 0.115 0.229 0.231 0.253 0.191 1.229 0.202 0.208 0.191 0.150 0.191 0.184 0.190 0.186 0.197 0.183 0.200 0.193 0.199 0.207 0.197 0.184 0.199 0.197
-0.478 0.234 0.238 0.255 0.257 0.224 0.128 0.234 0.239 0.261 0.197 0.202 1.244 0.341 0.315 0.284 0.315 0.317 0.317 0.321 0.321 0.308 0.324 0.316 0.328 0.336 0.322 0.309 0.333 0.322
-0.487 0.221 0.222 0.282 0.248 0.230 0.025 0.262 0.241 0.266 0.216 0.208 0.341 1.291 0.363 0.356 0.368 0.385 0.377 0.393 0.371 0.364 0.377 0.364 0.390 0.395 0.377 0.365 0.401 0.375
-0.456 0.225 0.228 0.244 0.248 0.215 0.119 0.225 0.228 0.251 0.187 0.191 0.315 0.363 1.243 0.257 0.305 0.290 0.299 0.292 0.314 0.295 0.315 0.312 0.307 0.316 0.309 0.296 0.305 0.311
-0.365 0.167 0.164 0.230 0.196 0.176 -0.047 0.215 0.185 0.209 0.162 0.150 0.284 0.356 0.257 1.212 0.124 0.204 0.164 0.216 0.114 0.136 0.129 0.096 0.182 0.182 0.146 0.139 0.216 0.133
-0.450 0.216 0.222 0.248 0.242 0.213 0.093 0.227 0.225 0.248 0.189 0.191 0.315 0.368 0.305 0.124 1.255 0.225 0.226 0.228 0.239 0.221 0.240 0.238 0.235 0.243 0.234 0.223 0.239 0.236
-0.437 0.199 0.198 0.261 0.226 0.208 -0.005 0.243 0.217 0.242 0.193 0.184 0.317 0.385 0.290 0.204 0.225 1.266 0.129 0.132 0.134 0.122 0.137 0.131 0.138 0.146 0.134 0.123 0.143 0.134
-0.445 0.206 0.213 0.256 0.235 0.212 0.051 0.234 0.221 0.247 0.194 0.190 0.317 0.377 0.299 0.164 0.226 0.129 1.274 0.385 0.326 0.331 0.335 0.315 0.365 0.369 0.342 0.333 0.390 0.336
-0.441 0.201 0.197 0.265 0.227 0.209 -0.017 0.248 0.221 0.245 0.197 0.186 0.321 0.393 0.292 0.216 0.228 0.132 0.385 1.306 0.191 0.189 0.193 0.187 0.193 0.196 0.195 0.189 0.185 0.193
-0.466 0.227 0.231 0.251 0.251 0.219 0.114 0.231 0.232 0.255 0.193 0.197 0.321 0.371 0.314 0.114 0.239 0.134 0.326 0.191 1.296 0.271 0.284 0.272 0.289 0.298 0.284 0.273 0.294 0.282
-0.432 0.204 0.211 0.245 0.232 0.206 0.068 0.223 0.215 0.240 0.184 0.183 0.308 0.364 0.295 0.136 0.221 0.122 0.331 0.189 0.271 1.269 0.440 0.425 0.482 0.481 0.445 0.440 0.531 0.442
-0.470 0.226 0.231 0.257 0.251 0.222 0.104 0.235 0.234 0.258 0.198 0.200 0.324 0.377 0.315 0.129 0.240 0.137 0.335 0.193 0.284 0.440 1.326 0.324 0.299 0.312 0.313 0.300 0.284 0.317
-0.460 0.228 0.231 0.245 0.251 0.216 0.125 0.225 0.230 0.252 0.188 0.193 0.316 0.364 0.312 0.096 0.238 0.131 0.315 0.187 0.272 0.425 0.324 1.311 0.265 0.274 0.268 0.256 0.263 0.270
-0.463 0.213 0.218 0.267 0.241 0.220 0.046 0.245 0.231 0.256 0.204 0.199 0.328 0.390 0.307 0.182 0.235 0.138 0.365 0.193 0.289 0.482 0.299 0.265 1.354 0.296 0.279 0.273 0.306 0.279
-0.483 0.222 0.229 0.274 0.250 0.229 0.061 0.251 0.238 0.264 0.211 0.207 0.336 0.395 0.316 0.182 0.243 0.146 0.369 0.196 0.298 0.481 0.312 0.274 0.296 1.371 0.441 0.433 0.485 0.440
-0.461 0.217 0.224 0.258 0.244 0.219 0.081 0.235 0.229 0.254 0.197 0.197 0.322 0.377 0.309 0.146 0.234 0.134 0.342 0.195 0.284 0.445 0.313 0.268 0.279 0.441 1.337 0.280 0.289 0.297
-0.435 0.205 0.212 0.246 0.233 0.207 0.067 0.225 0.216 0.241 0.185 0.184 0.309 0.365 0.296 0.139 0.223 0.123 0.333 0.189 0.273 0.440 0.300 0.256 0.273 0.433 0.280 1.318 0.415 0.360
-0.469 0.213 0.213 0.276 0.239 0.222 0.008 0.256 0.232 0.257 0.208 0.199 0.333 0.401 0.305 0.216 0.239 0.143 0.390 0.185 0.294 0.531 0.284 0.263 0.306 0.485 0.289 0.415 1.428 0.266
-0.463 0.221 0.227 0.255 0.247 0.219 0.094 0.234 0.230 0.255 0.196 0.197 0.322 0.375 0.311 0.133 0.236 0.134 0.336 0.193 0.282 0.442 0.317 0.270 0.279 0.440 0.297 0.360 0.266 1.349
