1.000 0.000 0.001 0.000 -0.000 0.001 0.001 0.000 0.001 0.000 0.000 0.001 0.001 0.002 0.000 -0.000 0.001 0.001 0.000 0.000 0.001 -0.000 0.000 0.002 -0.000 -0.000 0.001 0.000 -0.000 0.001
0.000 1.000 -0.160 -0.132 -0.381 -0.062 -0.123 -0.174 -0.216 -0.249 -0.112 -0.119 -0.107 -0.100 -0.085 -0.125 -0.217 -0.089 -0.179 -0.104 -0.194 -0.151 -0.111 -0.020 -0.135 -0.453 -0.159 -0.064 -0.125 -0.094
0.001 -0.160 1.026 0.019 0.052 0.009 0.018 0.026 0.029 0.037 0.016 0.018 0.016 0.014 0.012 0.018 0.030 0.013 0.027 0.015 0.027 0.022 0.016 0.002 0.019 0.065 0.023 0.008 0.018 0.014
0.000 -0.132 0.019 1.017 0.050 0.010 0.018 0.025 0.029 0.034 0.017 0.018 0.016 0.015 0.014 0.019 0.030 0.014 0.025 0.016 0.027 0.022 0.017 0.005 0.020 0.059 0.023 0.011 0.019 0.015
-0.000 -0.381 0.052 0.050 1.145 0.027 0.047 0.064 0.075 0.094 0.041 0.048 0.040 0.041 0.030 0.043 0.075 0.035 0.067 0.036 0.071 0.053 0.038 0.013 0.046 0.151 0.060 0.021 0.043 0.039
0.001 -0.062 0.009 0.010 0.027 1.004 0.004 0.009 -0.013 0.003 0.008 0.001 0.007 -0.007 0.009 0.011 -0.009 0.005 0.006 0.010 -0.011 0.011 0.011 -0.004 0.012 -0.006 0.003 0.010 0.012 -0.001
0.001 -0.123 0.018 0.018 0.047 0.004 1.015 0.003 0.008 0.011 -0.003 -0.004 -0.004 -0.006 -0.006 -0.001 0.008 -0.007 0.003 -0.004 0.005 0.001 -0.003 -0.015 -0.000 0.036 0.001 -0.008 -0.001 -0.007
0.000 -0.174 0.026 0.025 0.064 0.009 0.003 1.031 0.032 0.036 0.012 0.014 0.011 0.012 0.008 0.014 0.032 0.009 0.024 0.011 0.028 0.019 0.012 -0.002 0.016 0.071 0.021 0.004 0.014 0.010
0.001 -0.216 0.029 0.029 0.075 -0.013 0.008 0.032 1.048 0.045 0.031 0.021 0.028 0.005 0.028 0.037 0.019 0.023 0.039 0.032 0.014 0.042 0.034 -0.003 0.041 0.062 0.031 0.025 0.038 0.014
0.000 -0.249 0.037 0.034 0.094 0.003 0.011 0.036 0.045 1.063 0.028 0.029 0.027 0.019 0.021 0.031 0.038 0.022 0.044 0.026 0.035 0.038 0.027 0.003 0.033 0.087 0.038 0.016 0.031 0.022
0.000 -0.112 0.016 0.017 0.041 0.008 -0.003 0.012 0.031 0.028 1.013 0.038 0.037 0.033 0.035 0.039 0.039 0.035 0.044 0.037 0.038 0.042 0.037 0.027 0.040 0.058 0.041 0.033 0.039 0.035
0.001 -0.119 0.018 0.018 0.048 0.001 -0.004 0.014 0.021 0.029 0.038 1.015 0.018 0.014 0.016 0.021 0.026 0.016 0.026 0.018 0.023 0.024 0.019 0.005 0.022 0.052 0.023 0.014 0.021 0.015
0.001 -0.107 0.016 0.016 0.040 0.007 -0.004 0.011 0.028 0.027 0.037 0.018 1.012 0.006 0.013 0.017 0.016 0.011 0.020 0.015 0.013 0.020 0.016 0.000 0.019 0.039 0.017 0.011 0.018 0.009
0.002 -0.100 0.014 0.015 0.041 -0.007 -0.006 0.012 0.005 0.019 0.033 0.014 0.006 1.011 0.026 0.030 0.039 0.024 0.031 0.028 0.034 0.031 0.029 0.017 0.031 0.062 0.030 0.025 0.030 0.023
0.000 -0.085 0.012 0.014 0.030 0.009 -0.006 0.008 0.028 0.021 0.035 0.016 0.013 0.026 1.009 0.005 0.014 0.002 0.009 0.004 0.012 0.007 0.004 -0.003 0.006 0.034 0.008 0.001 0.005 0.003
-0.000 -0.125 0.018 0.019 0.043 0.011 -0.001 0.014 0.037 0.031 0.039 0.021 0.017 0.030 0.005 1.017 0.014 0.006 0.017 0.008 0.012 0.014 0.009 -0.003 0.012 0.038 0.014 0.003 0.011 0.006
0.001 -0.217 0.030 0.030 0.075 -0.009 0.008 0.032 0.019 0.038 0.039 0.026 0.016 0.039 0.014 0.014 1.050 -0.011 0.004 -0.003 -0.022 0.007 -0.001 -0.037 0.006 0.024 -0.004 -0.010 0.003 -0.020
0.001 -0.089 0.013 0.014 0.035 0.005 -0.007 0.009 0.023 0.022 0.035 0.016 0.011 0.024 0.002 0.006 -0.011 1.010 0.007 0.001 0.006 0.005 0.002 -0.006 0.004 0.025 0.005 -0.002 0.003 -0.000
0.000 -0.179 0.027 0.025 0.067 0.006 0.003 0.024 0.039 0.044 0.044 0.026 0.020 0.031 0.009 0.017 0.004 0.007 1.035 0.034 0.014 0.042 0.035 0.008 0.040 0.039 0.035 0.027 0.038 0.023
0.000 -0.104 0.015 0.016 0.036 0.010 -0.004 0.011 0.032 0.026 0.037 0.018 0.015 0.028 0.004 0.008 -0.003 0.001 0.034 1.013 0.018 0.016 0.012 0.002 0.015 0.042 0.016 0.008 0.014 0.010
0.001 -0.194 0.027 0.027 0.071 -0.011 0.005 0.028 0.014 0.035 0.038 0.023 0.013 0.034 0.012 0.012 -0.022 0.006 0.014 0.018 1.045 0.077 0.069 0.072 0.072 0.147 0.089 0.061 0.071 0.082
-0.000 -0.151 0.022 0.022 0.053 0.011 0.001 0.019 0.042 0.038 0.042 0.024 0.020 0.031 0.007 0.014 0.007 0.005 0.042 0.016 0.077 1.027 -0.000 -0.012 0.003 0.035 0.006 -0.006 0.002 -0.003
0.000 -0.111 0.016 0.017 0.038 0.011 -0.003 0.012 0.034 0.027 0.037 0.019 0.016 0.029 0.004 0.009 -0.001 0.002 0.035 0.012 0.069 -0.000 1.017 0.012 0.022 0.052 0.025 0.015 0.021 0.019
0.002 -0.020 0.002 0.005 0.013 -0.004 -0.015 -0.002 -0.003 0.003 0.027 0.005 0.000 0.017 -0.003 -0.003 -0.037 -0.006 0.008 0.002 0.072 -0.012 0.012 1.008 0.009 0.209 0.057 0.013 0.011 0.068
-0.000 -0.135 0.019 0.020 0.046 0.012 -0.000 0.016 0.041 0.033 0.040 0.022 0.019 0.031 0.006 0.012 0.006 0.004 0.040 0.015 0.072 0.003 0.022 0.009 1.023 0.051 0.021 0.011 0.019 0.012
-0.000 -0.453 0.065 0.059 0.151 -0.006 0.036 0.071 0.062 0.087 0.058 0.052 0.039 0.062 0.034 0.038 0.024 0.025 0.039 0.042 0.147 0.035 0.052 0.209 0.051 1.259 0.080 0.050 0.068 0.066
0.001 -0.159 0.023 0.023 0.060 0.003 0.001 0.021 0.031 0.038 0.041 0.023 0.017 0.030 0.008 0.014 -0.004 0.005 0.035 0.016 0.089 0.006 0.025 0.057 0.021 0.080 1.034 0.041 0.046 0.038
0.000 -0.064 0.008 0.011 0.021 0.010 -0.008 0.004 0.025 0.016 0.033 0.014 0.011 0.025 0.001 0.003 -0.010 -0.002 0.027 0.008 0.061 -0.006 0.015 0.013 0.011 0.050 0.041 1.010 -0.018 -0.017
-0.000 -0.125 0.018 0.019 0.043 0.012 -0.001 0.014 0.038 0.031 0.039 0.021 0.018 0.030 0.005 0.011 0.003 0.003 0.038 0.014 0.071 0.002 0.021 0.011 0.019 0.068 0.046 -0.018 1.022 -0.033
0.001 -0.094 0.014 0.015 0.039 -0.001 -0.007 0.010 0.014 0.022 0.035 0.015 0.009 0.023 0.003 0.006 -0.020 -0.000 0.023 0.010 0.082 -0.003 0.019 0.068 0.012 0.066 0.038 -0.017 -0.033 1.023
