1.000 -0.215 -0.132 -0.159 -0.284 -0.190 -0.241 -0.179 -0.208 -0.125 -0.168 -0.133 -0.217 -0.209 -0.158 -0.193 -0.287 -0.080 -0.214 -0.195 -0.158 -0.294 -0.102 -0.182 -0.264 -0.271 -0.227 -0.124 -0.081 -0.084
-0.215 1.046 0.042 0.055 0.067 0.053 0.046 0.058 0.056 0.048 0.057 0.046 0.067 0.043 0.054 0.036 0.072 0.012 0.049 0.035 0.051 0.071 0.037 0.059 0.057 0.059 0.059 0.036 0.015 0.031
-0.132 0.042 1.018 0.018 0.033 0.021 0.028 0.020 0.023 0.013 0.019 0.014 0.025 0.024 0.018 0.022 0.034 0.007 0.024 0.022 0.017 0.035 0.010 0.021 0.030 0.031 0.026 0.012 0.007 0.007
-0.159 0.055 0.018 1.026 0.041 0.027 0.032 0.024 0.030 0.015 0.022 0.017 0.030 0.028 0.021 0.024 0.042 0.007 0.030 0.024 0.021 0.043 0.012 0.024 0.038 0.039 0.032 0.016 0.007 0.010
-0.284 0.067 0.033 0.041 1.081 0.040 0.035 0.045 0.045 0.032 0.044 0.030 0.057 0.030 0.039 0.022 0.067 -0.010 0.038 0.021 0.036 0.066 0.018 0.047 0.049 0.051 0.049 0.018 -0.007 0.010
-0.190 0.053 0.021 0.027 0.040 1.036 0.123 0.063 0.076 0.051 0.060 0.055 0.070 0.105 0.059 0.114 0.093 0.088 0.090 0.118 0.061 0.098 0.052 0.063 0.105 0.107 0.081 0.063 0.085 0.050
-0.241 0.046 0.028 0.032 0.035 0.123 1.065 0.058 0.056 0.047 0.058 0.045 0.069 0.029 0.054 0.016 0.074 -0.009 0.043 0.012 0.050 0.071 0.034 0.060 0.050 0.050 0.059 0.030 -0.005 0.026
-0.179 0.058 0.020 0.024 0.045 0.063 0.058 1.033 0.035 0.018 0.026 0.020 0.035 0.036 0.025 0.034 0.049 0.014 0.036 0.034 0.025 0.050 0.015 0.029 0.046 0.046 0.038 0.019 0.013 0.012
-0.208 0.056 0.023 0.030 0.045 0.076 0.056 0.035 1.045 0.028 0.038 0.029 0.048 0.031 0.035 0.024 0.060 0.002 0.039 0.023 0.034 0.059 0.021 0.041 0.047 0.047 0.046 0.023 0.003 0.016
-0.125 0.048 0.013 0.015 0.032 0.051 0.047 0.018 0.028 1.017 0.014 0.010 0.021 0.015 0.013 0.011 0.031 -0.002 0.019 0.010 0.013 0.031 0.006 0.016 0.025 0.024 0.023 0.009 -0.003 0.004
-0.168 0.057 0.019 0.022 0.044 0.060 0.058 0.026 0.038 0.014 1.030 0.026 0.040 0.051 0.029 0.052 0.056 0.033 0.048 0.053 0.031 0.059 0.022 0.033 0.058 0.058 0.046 0.029 0.031 0.020
-0.133 0.046 0.014 0.017 0.030 0.055 0.045 0.020 0.029 0.010 0.026 1.019 0.020 0.024 0.012 0.023 0.033 0.008 0.024 0.023 0.013 0.034 0.006 0.015 0.031 0.031 0.025 0.011 0.007 0.004
-0.217 0.067 0.025 0.030 0.057 0.070 0.069 0.035 0.048 0.021 0.040 0.020 1.049 0.049 0.035 0.047 0.066 0.022 0.050 0.047 0.035 0.067 0.023 0.040 0.061 0.062 0.052 0.029 0.021 0.019
-0.209 0.043 0.024 0.028 0.030 0.105 0.029 0.036 0.031 0.015 0.051 0.024 0.049 1.050 0.002 0.009 0.031 -0.014 0.015 0.008 0.003 0.032 -0.009 0.007 0.025 0.025 0.018 -0.004 -0.015 -0.013
-0.158 0.054 0.018 0.021 0.039 0.059 0.054 0.025 0.035 0.013 0.029 0.012 0.035 0.002 1.028 0.024 0.046 0.008 0.032 0.024 0.025 0.046 0.016 0.030 0.039 0.039 0.036 0.019 0.007 0.013
-0.193 0.036 0.022 0.024 0.022 0.114 0.016 0.034 0.024 0.011 0.052 0.023 0.047 0.009 0.024 1.048 0.078 0.076 0.078 0.100 0.047 0.083 0.039 0.046 0.091 0.091 0.067 0.053 0.071 0.040
-0.287 0.072 0.034 0.042 0.067 0.093 0.074 0.049 0.060 0.031 0.056 0.033 0.066 0.031 0.046 0.078 1.086 0.062 0.104 0.092 0.096 0.130 0.078 0.105 0.117 0.118 0.113 0.081 0.063 0.071
-0.080 0.012 0.007 0.007 -0.010 0.088 -0.009 0.014 0.002 -0.002 0.033 0.008 0.022 -0.014 0.008 0.076 0.062 1.020 -0.032 -0.072 -0.023 -0.019 -0.028 -0.021 -0.034 -0.037 -0.020 -0.031 -0.068 -0.031
-0.214 0.049 0.024 0.030 0.038 0.090 0.043 0.036 0.039 0.019 0.048 0.024 0.050 0.015 0.032 0.078 0.104 -0.032 1.056 0.187 0.083 0.132 0.074 0.083 0.151 0.153 0.110 0.093 0.143 0.076
-0.195 0.035 0.022 0.024 0.021 0.118 0.012 0.034 0.023 0.010 0.053 0.023 0.047 0.008 0.024 0.100 0.092 -0.072 0.187 1.081 0.019 0.041 0.009 0.024 0.040 0.041 0.029 0.012 0.020 0.005
-0.158 0.051 0.017 0.021 0.036 0.061 0.050 0.025 0.034 0.013 0.031 0.013 0.035 0.003 0.025 0.047 0.096 -0.023 0.083 0.019 1.034 0.059 0.027 0.038 0.057 0.058 0.048 0.033 0.033 0.026
-0.294 0.071 0.035 0.043 0.066 0.098 0.071 0.050 0.059 0.031 0.059 0.034 0.067 0.032 0.046 0.083 0.130 -0.019 0.132 0.041 0.059 1.100 0.067 0.091 0.111 0.114 0.100 0.071 0.066 0.061
-0.102 0.037 0.010 0.012 0.018 0.052 0.034 0.015 0.021 0.006 0.022 0.006 0.023 -0.009 0.016 0.039 0.078 -0.028 0.074 0.009 0.027 0.067 1.021 0.027 0.041 0.041 0.036 0.027 0.025 0.022
-0.182 0.059 0.021 0.024 0.047 0.063 0.060 0.029 0.041 0.016 0.033 0.015 0.040 0.007 0.030 0.046 0.105 -0.021 0.083 0.024 0.038 0.091 0.027 1.043 0.055 0.056 0.046 0.027 0.026 0.019
-0.264 0.057 0.030 0.038 0.049 0.105 0.050 0.046 0.047 0.025 0.058 0.031 0.061 0.025 0.039 0.091 0.117 -0.034 0.151 0.040 0.057 0.111 0.041 0.055 1.091 0.086 0.082 0.058 0.033 0.051
-0.271 0.059 0.031 0.039 0.051 0.107 0.050 0.046 0.047 0.024 0.058 0.031 0.062 0.025 0.039 0.091 0.118 -0.037 0.153 0.041 0.058 0.114 0.041 0.056 0.086 1.095 0.115 0.094 0.092 0.084
-0.227 0.059 0.026 0.032 0.049 0.081 0.059 0.038 0.046 0.023 0.046 0.025 0.052 0.018 0.036 0.067 0.113 -0.020 0.110 0.029 0.048 0.100 0.036 0.046 0.082 0.115 1.065 0.048 0.026 0.040
-0.124 0.036 0.012 0.016 0.018 0.063 0.030 0.019 0.023 0.009 0.029 0.011 0.029 -0.004 0.019 0.053 0.081 -0.031 0.093 0.012 0.033 0.071 0.027 0.027 0.058 0.094 0.048 1.030 0.073 0.051
-0.081 0.015 0.007 0.007 -0.007 0.085 -0.005 0.013 0.003 -0.003 0.031 0.007 0.021 -0.015 0.007 0.071 0.063 -0.068 0.143 0.020 0.033 0.066 0.025 0.026 0.033 0.092 0.026 0.073 1.044 -0.351
-0.084 0.031 0.007 0.010 0.010 0.050 0.026 0.012 0.016 0.004 0.020 0.004 0.019 -0.013 0.013 0.040 0.071 -0.031 0.076 0.005 0.026 0.061 0.022 0.019 0.051 0.084 0.040 0.051 -0.351 1.164
