1.000 -0.695 -0.701 -0.744 -0.682 -0.752 -0.751 -0.620 -0.684 -0.664 -0.644 -0.693 -0.807 -0.735 -0.735 -0.674 -0.738 -0.734 -0.634 -0.682 -0.660 -0.682 -0.716 -0.760 -0.717 -0.663 -0.756 -0.332 -0.672 -0.730
-0.695 1.484 0.490 0.509 0.471 0.510 0.503 0.445 0.482 0.468 0.454 0.480 0.531 0.499 0.500 0.477 0.509 0.507 0.448 0.480 0.465 0.479 0.497 0.511 0.498 0.470 0.507 0.364 0.471 0.501
-0.701 0.490 1.491 0.515 0.461 0.517 0.504 0.435 0.479 0.463 0.443 0.479 0.522 0.488 0.503 0.473 0.516 0.512 0.438 0.478 0.458 0.476 0.500 0.519 0.501 0.464 0.510 0.250 0.466 0.506
-0.744 0.509 0.515 1.553 0.480 0.568 0.534 0.463 0.525 0.504 0.476 0.521 0.536 0.500 0.547 0.518 0.567 0.563 0.465 0.523 0.498 0.521 0.549 0.567 0.550 0.508 0.550 0.170 0.508 0.555
-0.682 0.471 0.461 0.480 1.466 0.499 0.499 0.409 0.450 0.438 0.424 0.459 0.535 0.487 0.487 0.443 0.488 0.485 0.418 0.448 0.435 0.449 0.472 0.505 0.473 0.435 0.501 0.211 0.443 0.483
-0.752 0.510 0.517 0.568 0.499 1.567 0.563 0.464 0.512 0.498 0.483 0.519 0.601 0.548 0.551 0.505 0.553 0.550 0.475 0.511 0.495 0.511 0.536 0.569 0.537 0.496 0.566 0.223 0.504 0.547
-0.751 0.503 0.504 0.534 0.499 0.563 1.566 0.474 0.520 0.504 0.494 0.528 0.645 0.584 0.563 0.513 0.562 0.558 0.487 0.518 0.503 0.518 0.544 0.581 0.545 0.503 0.583 0.294 0.511 0.555
-0.620 0.445 0.435 0.463 0.409 0.464 0.474 1.384 0.424 0.411 0.396 0.426 0.472 0.431 0.449 0.418 0.456 0.453 0.390 0.422 0.407 0.421 0.442 0.464 0.443 0.411 0.457 0.173 0.414 0.449
-0.684 0.482 0.479 0.525 0.450 0.512 0.520 0.424 1.468 0.463 0.457 0.484 0.556 0.515 0.509 0.462 0.499 0.497 0.453 0.467 0.463 0.470 0.486 0.526 0.487 0.457 0.527 0.229 0.469 0.501
-0.664 0.468 0.463 0.504 0.438 0.498 0.504 0.411 0.463 1.442 0.408 0.449 0.521 0.476 0.480 0.440 0.491 0.487 0.398 0.446 0.425 0.445 0.473 0.500 0.474 0.430 0.493 0.178 0.434 0.482
-0.644 0.454 0.443 0.476 0.424 0.483 0.494 0.396 0.457 0.408 1.416 0.445 0.521 0.479 0.473 0.430 0.472 0.470 0.407 0.435 0.423 0.436 0.458 0.490 0.459 0.423 0.488 0.235 0.431 0.469
-0.693 0.480 0.479 0.521 0.459 0.519 0.528 0.426 0.484 0.449 0.445 1.481 0.561 0.512 0.508 0.466 0.509 0.506 0.440 0.471 0.457 0.471 0.494 0.525 0.495 0.458 0.524 0.234 0.465 0.504
-0.807 0.531 0.522 0.536 0.535 0.601 0.645 0.472 0.556 0.521 0.521 0.561 1.660 0.590 0.591 0.542 0.594 0.591 0.508 0.548 0.530 0.548 0.576 0.612 0.577 0.533 0.608 0.255 0.540 0.588
-0.735 0.499 0.488 0.500 0.487 0.548 0.584 0.431 0.515 0.476 0.479 0.512 0.590 1.545 0.546 0.502 0.550 0.547 0.469 0.508 0.490 0.507 0.533 0.565 0.534 0.493 0.561 0.277 0.499 0.543
-0.735 0.500 0.503 0.547 0.487 0.551 0.563 0.449 0.509 0.480 0.473 0.508 0.591 0.546 1.541 0.493 0.540 0.537 0.476 0.499 0.488 0.500 0.524 0.563 0.525 0.485 0.564 0.290 0.496 0.537
-0.674 0.477 0.473 0.518 0.443 0.505 0.513 0.418 0.462 0.440 0.430 0.466 0.542 0.502 0.493 1.455 0.498 0.496 0.420 0.461 0.444 0.461 0.484 0.510 0.485 0.449 0.503 0.157 0.453 0.493
-0.738 0.509 0.516 0.567 0.488 0.553 0.562 0.456 0.499 0.491 0.472 0.509 0.594 0.550 0.540 0.498 1.546 0.542 0.453 0.503 0.481 0.501 0.529 0.551 0.530 0.488 0.541 0.222 0.490 0.536
-0.734 0.507 0.512 0.563 0.485 0.550 0.558 0.453 0.497 0.487 0.470 0.506 0.591 0.547 0.537 0.496 0.542 1.540 0.487 0.501 0.494 0.503 0.525 0.570 0.527 0.488 0.575 0.324 0.501 0.540
-0.634 0.448 0.438 0.465 0.418 0.475 0.487 0.390 0.453 0.398 0.407 0.440 0.508 0.469 0.476 0.420 0.453 0.487 1.404 0.430 0.417 0.430 0.451 0.478 0.453 0.417 0.475 0.234 0.423 0.460
-0.682 0.480 0.478 0.523 0.448 0.511 0.518 0.422 0.467 0.446 0.435 0.471 0.548 0.508 0.499 0.461 0.503 0.501 0.430 1.466 0.448 0.466 0.491 0.517 0.492 0.453 0.510 0.171 0.458 0.500
-0.660 0.465 0.458 0.498 0.435 0.495 0.503 0.407 0.463 0.425 0.423 0.457 0.530 0.490 0.488 0.444 0.481 0.494 0.417 0.448 1.437 0.451 0.472 0.509 0.473 0.438 0.511 0.266 0.448 0.484
-0.682 0.479 0.476 0.521 0.449 0.511 0.518 0.421 0.470 0.445 0.436 0.471 0.548 0.507 0.500 0.461 0.501 0.503 0.430 0.466 0.451 1.466 0.492 0.512 0.493 0.455 0.501 0.160 0.457 0.499
-0.716 0.497 0.500 0.549 0.472 0.536 0.544 0.442 0.486 0.473 0.458 0.494 0.576 0.533 0.524 0.484 0.529 0.525 0.451 0.491 0.472 0.492 1.513 0.544 0.509 0.469 0.550 0.330 0.479 0.519
-0.760 0.511 0.519 0.567 0.505 0.569 0.581 0.464 0.526 0.500 0.490 0.525 0.612 0.565 0.563 0.510 0.551 0.570 0.478 0.517 0.509 0.512 0.544 1.579 0.550 0.509 0.577 0.240 0.515 0.560
-0.717 0.498 0.501 0.550 0.473 0.537 0.545 0.443 0.487 0.474 0.459 0.495 0.577 0.534 0.525 0.485 0.530 0.527 0.453 0.492 0.473 0.493 0.509 0.550 1.515 0.477 0.544 0.258 0.483 0.525
-0.663 0.470 0.464 0.508 0.435 0.496 0.503 0.411 0.457 0.430 0.423 0.458 0.533 0.493 0.485 0.449 0.488 0.488 0.417 0.453 0.438 0.455 0.469 0.509 0.477 1.440 0.500 0.165 0.450 0.488
-0.756 0.507 0.510 0.550 0.501 0.566 0.583 0.457 0.527 0.493 0.488 0.524 0.608 0.561 0.564 0.503 0.541 0.575 0.475 0.510 0.511 0.501 0.550 0.577 0.544 0.500 1.574 0.216 0.510 0.554
-0.332 0.364 0.250 0.170 0.211 0.223 0.294 0.173 0.229 0.178 0.235 0.234 0.255 0.277 0.290 0.157 0.222 0.324 0.234 0.171 0.266 0.160 0.330 0.240 0.258 0.165 0.216 1.179 0.225 0.242
-0.672 0.471 0.466 0.508 0.443 0.504 0.511 0.414 0.469 0.434 0.431 0.465 0.540 0.499 0.496 0.453 0.490 0.501 0.423 0.458 0.448 0.457 0.479 0.515 0.483 0.450 0.510 0.225 1.453 0.501
-0.730 0.501 0.506 0.555 0.483 0.547 0.555 0.449 0.501 0.482 0.469 0.504 0.588 0.543 0.537 0.493 0.536 0.540 0.460 0.500 0.484 0.499 0.519 0.560 0.525 0.488 0.554 0.242 0.501 1.534
