1.000 -0.677 -0.615 -0.966 -0.761 -0.805 -0.676 -0.715 -0.721 -0.698 -0.703 -0.700 -0.677 -0.638 -0.708 -0.655 -0.738 -0.606 -0.653 -0.702 -0.710 -0.784 -0.685 -0.668 -0.668 -0.656 -0.681 -0.701 -0.673 -0.843
-0.677 1.459 0.410 0.602 0.514 0.543 0.455 0.482 0.486 0.470 0.474 0.471 0.455 0.429 0.477 0.440 0.498 0.406 0.439 0.470 0.478 0.510 0.461 0.448 0.449 0.437 0.459 0.473 0.453 0.546
-0.615 0.410 1.378 0.760 0.487 0.519 0.437 0.460 0.463 0.457 0.453 0.451 0.444 0.424 0.456 0.429 0.475 0.395 0.429 0.471 0.458 0.567 0.442 0.449 0.432 0.444 0.440 0.457 0.439 0.609
-0.966 0.602 0.760 1.964 0.692 0.735 0.614 0.649 0.655 0.638 0.639 0.636 0.619 0.586 0.644 0.598 0.672 0.549 0.597 0.646 0.645 0.738 0.623 0.617 0.607 0.604 0.619 0.641 0.614 0.801
-0.761 0.514 0.487 0.692 1.581 0.605 0.511 0.540 0.544 0.523 0.531 0.528 0.508 0.478 0.535 0.492 0.556 0.458 0.491 0.524 0.536 0.579 0.517 0.500 0.504 0.489 0.515 0.527 0.506 0.625
-0.805 0.543 0.519 0.735 0.605 1.651 0.545 0.576 0.581 0.560 0.566 0.564 0.544 0.512 0.571 0.526 0.594 0.489 0.525 0.561 0.572 0.614 0.552 0.535 0.539 0.523 0.549 0.564 0.541 0.660
-0.676 0.455 0.437 0.614 0.511 0.545 1.460 0.482 0.485 0.469 0.473 0.471 0.455 0.430 0.477 0.440 0.497 0.407 0.439 0.473 0.478 0.541 0.461 0.452 0.450 0.442 0.459 0.472 0.452 0.583
-0.715 0.482 0.460 0.649 0.540 0.576 0.482 1.514 0.515 0.499 0.502 0.500 0.484 0.457 0.506 0.469 0.528 0.433 0.467 0.503 0.508 0.564 0.489 0.480 0.477 0.470 0.487 0.502 0.481 0.607
-0.721 0.486 0.463 0.655 0.544 0.581 0.485 0.515 1.522 0.501 0.504 0.502 0.486 0.459 0.508 0.470 0.529 0.434 0.469 0.504 0.509 0.566 0.491 0.481 0.479 0.471 0.489 0.503 0.483 0.608
-0.698 0.470 0.457 0.638 0.523 0.560 0.469 0.499 0.501 1.489 0.491 0.490 0.464 0.434 0.496 0.450 0.513 0.425 0.449 0.472 0.497 0.507 0.478 0.449 0.468 0.439 0.477 0.482 0.463 0.549
-0.703 0.474 0.453 0.639 0.531 0.566 0.473 0.502 0.504 0.491 1.496 0.496 0.481 0.455 0.502 0.466 0.523 0.431 0.465 0.500 0.504 0.562 0.486 0.477 0.474 0.468 0.484 0.498 0.478 0.603
-0.700 0.471 0.451 0.636 0.528 0.564 0.471 0.500 0.502 0.490 0.496 1.492 0.500 0.478 0.513 0.484 0.537 0.441 0.483 0.528 0.514 0.610 0.498 0.505 0.485 0.496 0.494 0.516 0.496 0.649
-0.677 0.455 0.444 0.619 0.508 0.544 0.455 0.484 0.486 0.464 0.481 0.500 1.461 0.437 0.480 0.446 0.501 0.409 0.445 0.482 0.481 0.547 0.464 0.460 0.452 0.451 0.461 0.478 0.458 0.585
-0.638 0.429 0.424 0.586 0.478 0.512 0.430 0.457 0.459 0.434 0.455 0.478 0.437 1.411 0.445 0.404 0.461 0.380 0.403 0.425 0.446 0.450 0.428 0.402 0.419 0.395 0.428 0.433 0.416 0.484
-0.708 0.477 0.456 0.644 0.535 0.571 0.477 0.506 0.508 0.496 0.502 0.513 0.480 0.445 1.504 0.481 0.538 0.442 0.480 0.518 0.516 0.581 0.499 0.494 0.486 0.485 0.495 0.513 0.493 0.621
-0.655 0.440 0.429 0.598 0.492 0.526 0.440 0.469 0.470 0.450 0.466 0.484 0.446 0.404 0.481 1.432 0.480 0.396 0.427 0.461 0.462 0.523 0.446 0.438 0.435 0.433 0.444 0.457 0.439 0.562
-0.738 0.498 0.475 0.672 0.556 0.594 0.497 0.528 0.529 0.513 0.523 0.537 0.501 0.461 0.538 0.480 1.548 0.456 0.488 0.515 0.537 0.543 0.517 0.491 0.504 0.478 0.515 0.525 0.504 0.581
-0.606 0.406 0.395 0.549 0.458 0.489 0.407 0.433 0.434 0.425 0.431 0.441 0.409 0.380 0.442 0.396 0.456 1.370 0.398 0.438 0.429 0.513 0.413 0.419 0.401 0.409 0.410 0.429 0.410 0.546
-0.653 0.439 0.429 0.597 0.491 0.525 0.439 0.467 0.469 0.449 0.465 0.483 0.445 0.403 0.480 0.427 0.488 0.398 1.430 0.464 0.475 0.513 0.457 0.442 0.446 0.431 0.455 0.466 0.447 0.548
-0.702 0.470 0.471 0.646 0.524 0.561 0.473 0.503 0.504 0.472 0.500 0.528 0.482 0.425 0.518 0.461 0.515 0.438 0.464 1.499 0.494 0.551 0.475 0.462 0.463 0.454 0.473 0.486 0.465 0.591
-0.710 0.478 0.458 0.645 0.536 0.572 0.478 0.508 0.509 0.497 0.504 0.514 0.481 0.446 0.516 0.462 0.537 0.429 0.475 0.494 1.508 0.587 0.497 0.493 0.484 0.484 0.494 0.513 0.492 0.626
-0.784 0.510 0.567 0.738 0.579 0.614 0.541 0.564 0.566 0.507 0.562 0.610 0.547 0.450 0.581 0.523 0.543 0.513 0.513 0.551 0.587 1.637 0.529 0.523 0.516 0.514 0.527 0.543 0.521 0.675
-0.685 0.461 0.442 0.623 0.517 0.552 0.461 0.489 0.491 0.478 0.486 0.498 0.464 0.428 0.499 0.446 0.517 0.413 0.457 0.475 0.497 0.529 1.472 0.441 0.444 0.430 0.454 0.465 0.445 0.562
-0.668 0.448 0.449 0.617 0.500 0.535 0.452 0.480 0.481 0.449 0.477 0.505 0.460 0.402 0.494 0.438 0.491 0.419 0.442 0.462 0.493 0.523 0.441 1.454 0.474 0.467 0.483 0.496 0.478 0.594
-0.668 0.449 0.432 0.607 0.504 0.539 0.450 0.477 0.479 0.468 0.474 0.485 0.452 0.419 0.486 0.435 0.504 0.401 0.446 0.463 0.484 0.516 0.444 0.474 1.450 0.421 0.432 0.449 0.429 0.552
-0.656 0.437 0.444 0.604 0.489 0.523 0.442 0.470 0.471 0.439 0.468 0.496 0.451 0.395 0.485 0.433 0.478 0.409 0.431 0.454 0.484 0.514 0.430 0.467 0.421 1.438 0.460 0.474 0.456 0.591
-0.681 0.459 0.440 0.619 0.515 0.549 0.459 0.487 0.489 0.477 0.484 0.494 0.461 0.428 0.495 0.444 0.515 0.410 0.455 0.473 0.494 0.527 0.454 0.483 0.432 0.460 1.469 0.516 0.497 0.592
-0.701 0.473 0.457 0.641 0.527 0.564 0.472 0.502 0.503 0.482 0.498 0.516 0.478 0.433 0.513 0.457 0.525 0.429 0.466 0.486 0.513 0.543 0.465 0.496 0.449 0.474 0.516 1.498 0.457 0.556
-0.673 0.453 0.439 0.614 0.506 0.541 0.452 0.481 0.483 0.463 0.478 0.496 0.458 0.416 0.493 0.439 0.504 0.410 0.447 0.465 0.492 0.521 0.445 0.478 0.429 0.456 0.497 0.457 1.460 0.645
-0.843 0.546 0.609 0.801 0.625 0.660 0.583 0.607 0.608 0.549 0.603 0.649 0.585 0.484 0.621 0.562 0.581 0.546 0.548 0.591 0.626 0.675 0.562 0.594 0.552 0.591 0.592 0.556 0.645 1.743
