1.000 -0.004 -0.007 -0.011 0.001 -0.008 0.017 -0.012 -0.007 -0.011 -0.011 -0.007 -0.011 0.004 -0.011 0.009 -0.005 0.004 0.000 0.011 -0.008 -0.001 -0.005 -0.011 0.008 0.005 -0.009 0.004 0.006 -0.000
-0.004 1.000 0.007 0.009 0.011 0.007 0.009 0.009 0.007 0.009 0.009 0.006 0.009 0.009 0.010 0.003 0.011 0.006 0.004 0.009 0.007 0.011 0.005 0.009 0.011 0.010 0.009 0.002 0.005 0.003
-0.007 0.007 1.000 -0.004 -0.003 -0.004 -0.002 -0.004 -0.004 -0.004 -0.004 -0.004 -0.004 -0.003 -0.004 -0.005 -0.004 -0.004 -0.004 -0.002 -0.004 -0.003 -0.004 -0.004 -0.002 -0.003 -0.004 -0.004 -0.005 -0.004
-0.011 0.009 -0.004 1.000 -0.000 -0.000 -0.006 0.001 -0.000 0.001 0.001 -0.001 0.001 -0.002 0.001 -0.005 0.002 -0.003 -0.003 -0.005 -0.001 0.001 -0.002 0.001 -0.002 -0.002 0.001 -0.004 -0.003 -0.003
0.001 0.011 -0.003 -0.000 1.000 0.004 0.010 0.002 0.004 0.002 0.002 0.003 0.003 0.008 0.003 0.002 0.008 0.005 0.005 0.009 0.003 0.010 0.004 0.002 0.010 0.009 0.005 0.006 0.002 0.006
-0.008 0.007 -0.004 -0.000 0.004 1.000 0.059 -0.003 0.002 -0.003 -0.003 -0.003 0.002 0.037 0.002 0.023 0.030 0.026 0.010 0.049 -0.004 0.038 -0.000 -0.003 0.051 0.043 0.009 0.009 0.023 0.006
0.017 0.009 -0.002 -0.006 0.010 0.059 1.004 0.004 0.009 0.005 0.004 0.008 0.006 0.025 0.005 0.026 0.018 0.023 0.017 0.030 0.007 0.023 0.011 0.004 0.031 0.028 0.009 0.020 0.024 0.016
-0.012 0.009 -0.004 0.001 0.002 -0.003 0.004 1.000 0.001 0.001 0.001 0.000 0.002 0.000 0.002 -0.002 0.004 -0.000 -0.000 -0.002 0.000 0.003 0.000 0.002 -0.001 -0.000 0.003 -0.001 -0.002 -0.000
-0.007 0.007 -0.004 -0.000 0.004 0.002 0.009 0.001 1.000 -0.008 -0.008 -0.007 -0.009 -0.007 -0.009 -0.004 -0.010 -0.006 -0.007 -0.005 -0.008 -0.009 -0.007 -0.008 -0.006 -0.006 -0.009 -0.006 -0.004 -0.007
-0.011 0.009 -0.004 0.001 0.002 -0.003 0.005 0.001 -0.008 1.000 -0.008 -0.008 -0.006 -0.017 -0.006 -0.012 -0.006 -0.012 -0.006 -0.029 -0.008 -0.011 -0.007 -0.007 -0.025 -0.021 -0.005 -0.005 -0.011 -0.006
-0.011 0.009 -0.004 0.001 0.002 -0.003 0.004 0.001 -0.008 -0.008 1.000 -0.004 0.002 -0.008 0.003 -0.015 0.006 -0.009 -0.006 -0.019 -0.004 0.002 -0.005 -0.000 -0.013 -0.010 0.004 -0.009 -0.012 -0.006
-0.007 0.006 -0.004 -0.001 0.003 -0.003 0.008 0.000 -0.007 -0.008 -0.004 1.000 -0.000 -0.002 -0.000 -0.000 -0.000 -0.000 0.001 -0.003 -0.000 -0.001 0.000 -0.000 -0.003 -0.003 0.000 0.001 -0.000 0.001
-0.011 0.009 -0.004 0.001 0.003 0.002 0.006 0.002 -0.009 -0.006 0.002 -0.000 1.000 0.001 -0.001 -0.002 0.001 -0.001 -0.002 0.001 -0.003 0.001 -0.003 -0.002 0.002 0.001 -0.001 -0.003 -0.002 -0.003
0.004 0.009 -0.003 -0.002 0.008 0.037 0.025 0.000 -0.007 -0.017 -0.008 -0.002 0.001 1.002 0.004 0.026 0.013 0.021 0.018 0.022 0.007 0.015 0.011 0.004 0.020 0.018 0.007 0.021 0.024 0.017
-0.011 0.010 -0.004 0.001 0.003 0.002 0.005 0.002 -0.009 -0.006 0.003 -0.000 -0.001 0.004 1.000 0.018 0.047 0.027 0.020 0.033 0.032 0.044 0.026 0.042 0.037 0.037 0.043 0.011 0.024 0.018
0.009 0.003 -0.005 -0.005 0.002 0.023 0.026 -0.002 -0.004 -0.012 -0.015 -0.000 -0.002 0.026 0.018 1.003 -0.005 -0.002 -0.003 -0.001 -0.006 -0.004 -0.004 -0.007 -0.001 -0.002 -0.006 -0.002 -0.001 -0.003
-0.005 0.011 -0.004 0.002 0.008 0.030 0.018 0.004 -0.010 -0.006 0.006 -0.000 0.001 0.013 0.047 -0.005 1.004 0.006 0.013 -0.005 0.016 -0.007 0.016 0.013 -0.009 -0.006 0.007 0.016 0.010 0.015
0.004 0.006 -0.004 -0.003 0.005 0.026 0.023 -0.000 -0.006 -0.012 -0.009 -0.000 -0.001 0.021 0.027 -0.002 0.006 1.003 0.013 0.023 0.012 0.022 0.012 0.013 0.024 0.022 0.015 0.012 0.011 0.012
0.000 0.004 -0.004 -0.003 0.005 0.010 0.017 -0.000 -0.007 -0.006 -0.006 0.001 -0.002 0.018 0.020 -0.003 0.013 0.013 1.002 0.012 0.017 0.005 0.020 0.011 0.009 0.010 0.009 0.027 0.019 0.023
0.011 0.009 -0.002 -0.005 0.009 0.049 0.030 -0.002 -0.005 -0.029 -0.019 -0.003 0.001 0.022 0.033 -0.001 -0.005 0.023 0.012 1.007 0.001 0.023 0.003 0.002 0.036 0.031 0.006 0.006 0.015 0.005
-0.008 0.007 -0.004 -0.001 0.003 -0.004 0.007 0.000 -0.008 -0.008 -0.004 -0.000 -0.003 0.007 0.032 -0.006 0.016 0.012 0.017 0.001 1.002 0.022 -0.036 -0.016 0.034 0.024 -0.008 -0.049 -0.004 -0.041
-0.001 0.011 -0.003 0.001 0.010 0.038 0.023 0.003 -0.009 -0.011 0.002 -0.001 0.001 0.015 0.044 -0.004 -0.007 0.022 0.005 0.023 0.022 1.006 0.027 0.027 0.018 0.019 0.025 0.028 0.038 0.027
-0.005 0.005 -0.004 -0.002 0.004 -0.000 0.011 0.000 -0.007 -0.007 -0.005 0.000 -0.003 0.011 0.026 -0.004 0.016 0.012 0.020 0.003 -0.036 0.027 1.004 -0.001 0.006 0.004 0.000 -0.009 -0.003 -0.007
-0.011 0.009 -0.004 0.001 0.002 -0.003 0.004 0.002 -0.008 -0.007 -0.000 -0.000 -0.002 0.004 0.042 -0.007 0.013 0.013 0.011 0.002 -0.016 0.027 -0.001 1.004 0.003 0.003 0.007 0.003 0.002 0.004
0.008 0.011 -0.002 -0.002 0.010 0.051 0.031 -0.001 -0.006 -0.025 -0.013 -0.003 0.002 0.020 0.037 -0.001 -0.009 0.024 0.009 0.036 0.034 0.018 0.006 0.003 1.009 0.041 0.032 0.045 0.038 0.042
0.005 0.010 -0.003 -0.002 0.009 0.043 0.028 -0.000 -0.006 -0.021 -0.010 -0.003 0.001 0.018 0.037 -0.002 -0.006 0.022 0.010 0.031 0.024 0.019 0.004 0.003 0.041 1.008 0.013 -0.008 0.005 -0.005
-0.009 0.009 -0.004 0.001 0.005 0.009 0.009 0.003 -0.009 -0.005 0.004 0.000 -0.001 0.007 0.043 -0.006 0.007 0.015 0.009 0.006 -0.008 0.025 0.000 0.007 0.032 0.013 1.004 0.017 0.012 0.017
0.004 0.002 -0.004 -0.004 0.006 0.009 0.020 -0.001 -0.006 -0.005 -0.009 0.001 -0.003 0.021 0.011 -0.002 0.016 0.012 0.027 0.006 -0.049 0.028 -0.009 0.003 0.045 -0.008 0.017 1.008 0.010 0.043
0.006 0.005 -0.005 -0.003 0.002 0.023 0.024 -0.002 -0.004 -0.011 -0.012 -0.000 -0.002 0.024 0.024 -0.001 0.010 0.011 0.019 0.015 -0.004 0.038 -0.003 0.002 0.038 0.005 0.012 0.010 1.006 0.032
-0.000 0.003 -0.004 -0.003 0.006 0.006 0.016 -0.000 -0.007 -0.006 -0.006 0.001 -0.003 0.017 0.018 -0.003 0.015 0.012 0.023 0.005 -0.041 0.027 -0.007 0.004 0.042 -0.005 0.017 0.043 0.032 1.008
