1.000 -0.556 -0.472 -0.528 -0.561 -0.520 -0.560 -0.566 -1.053 0.060 -0.543 -0.565 -0.332 0.008 -0.533 -0.547 -0.490 -0.543 -0.594 -0.565
-0.556 1.309 0.173 0.206 0.260 0.240 0.260 0.263 0.507 -0.108 0.251 0.262 0.084 -0.081 0.246 0.253 0.225 0.251 0.277 0.262
-0.472 0.173 1.231 0.102 0.210 0.193 0.210 0.212 0.413 -0.189 0.202 0.211 -0.034 -0.158 0.198 0.204 0.180 0.202 0.223 0.211
-0.528 0.206 0.102 1.310 0.302 0.278 0.302 0.305 0.595 0.011 0.291 0.304 0.233 0.038 0.285 0.294 0.259 0.291 0.322 0.303
-0.561 0.260 0.210 0.302 1.320 0.255 0.280 0.283 0.583 -0.055 0.269 0.282 0.185 -0.023 0.262 0.272 0.236 0.269 0.301 0.282
-0.520 0.240 0.193 0.278 0.255 1.278 0.248 0.251 0.506 -0.077 0.239 0.251 0.129 -0.049 0.234 0.241 0.212 0.239 0.266 0.251
-0.560 0.260 0.210 0.302 0.280 0.248 1.324 0.280 0.534 -0.083 0.268 0.280 0.117 -0.057 0.263 0.270 0.241 0.268 0.295 0.280
-0.566 0.263 0.212 0.305 0.283 0.251 0.280 1.333 0.562 -0.055 0.278 0.291 0.164 -0.028 0.273 0.280 0.250 0.279 0.307 0.291
-1.053 0.507 0.413 0.595 0.583 0.506 0.534 0.562 2.135 0.051 0.689 0.713 0.478 0.107 0.679 0.694 0.633 0.690 0.746 0.714
0.060 -0.108 -0.189 0.011 -0.055 -0.077 -0.083 -0.055 0.051 1.055 -0.024 -0.025 0.038 0.039 -0.023 -0.025 -0.022 -0.024 -0.026 -0.024
-0.543 0.251 0.202 0.291 0.269 0.239 0.268 0.278 0.689 -0.024 1.319 0.310 0.204 0.020 0.293 0.299 0.271 0.298 0.325 0.310
-0.565 0.262 0.211 0.304 0.282 0.251 0.280 0.291 0.713 -0.025 0.310 1.344 0.206 0.008 0.292 0.297 0.268 0.296 0.325 0.309
-0.332 0.084 -0.034 0.233 0.185 0.129 0.117 0.164 0.478 0.038 0.204 0.206 1.183 -0.066 0.447 0.465 0.397 0.461 0.520 0.485
0.008 -0.081 -0.158 0.038 -0.023 -0.049 -0.057 -0.028 0.107 0.039 0.020 0.008 -0.066 1.066 -0.014 -0.014 -0.014 -0.014 -0.013 -0.014
-0.533 0.246 0.198 0.285 0.262 0.234 0.263 0.273 0.679 -0.023 0.293 0.292 0.447 -0.014 1.365 0.363 0.313 0.360 0.404 0.378
-0.547 0.253 0.204 0.294 0.272 0.241 0.270 0.280 0.694 -0.025 0.299 0.297 0.465 -0.014 0.363 1.387 0.279 0.325 0.369 0.343
-0.490 0.225 0.180 0.259 0.236 0.212 0.241 0.250 0.633 -0.022 0.271 0.268 0.397 -0.014 0.313 0.279 1.311 0.316 0.354 0.332
-0.543 0.251 0.202 0.291 0.269 0.239 0.268 0.279 0.690 -0.024 0.298 0.296 0.461 -0.014 0.360 0.325 0.316 1.386 0.421 0.397
-0.594 0.277 0.223 0.322 0.301 0.266 0.295 0.307 0.746 -0.026 0.325 0.325 0.520 -0.013 0.404 0.369 0.354 0.421 1.466 0.348
-0.565 0.262 0.211 0.303 0.282 0.251 0.280 0.291 0.714 -0.024 0.310 0.309 0.485 -0.014 0.378 0.343 0.332 0.397 0.348 1.427
