1.000 -0.595 -0.604 -0.769 -0.569 -0.603 -0.677 -0.611 -0.585 -0.595 -0.614 -0.590 -0.590 -0.591 -0.615 -0.607 -0.614 -0.598 -0.608 -0.761 -0.568 -0.601 -0.626 -0.614 -0.575 -0.686 -0.600 -0.574 -0.609 -0.589
-0.595 1.354 0.357 0.401 0.345 0.366 0.409 0.370 0.354 0.362 0.372 0.357 0.358 0.355 0.373 0.368 0.372 0.362 0.368 0.454 0.344 0.345 0.380 0.368 0.348 0.412 0.363 0.349 0.369 0.318
-0.604 0.357 1.365 0.661 0.391 0.411 0.452 0.415 0.400 0.405 0.417 0.403 0.404 0.416 0.417 0.414 0.416 0.408 0.416 0.521 0.390 0.456 0.423 0.428 0.395 0.469 0.409 0.393 0.415 0.496
-0.769 0.401 0.661 1.634 0.398 0.429 0.472 0.428 0.409 0.421 0.429 0.412 0.420 0.431 0.430 0.433 0.430 0.418 0.436 0.554 0.397 0.467 0.439 0.448 0.401 0.495 0.419 0.407 0.431 0.488
-0.569 0.345 0.391 0.398 1.328 0.336 0.382 0.345 0.330 0.333 0.347 0.333 0.329 0.325 0.347 0.339 0.346 0.338 0.336 0.416 0.321 0.321 0.352 0.336 0.325 0.379 0.339 0.322 0.341 0.315
-0.603 0.366 0.411 0.429 0.336 1.367 0.405 0.366 0.350 0.356 0.368 0.353 0.351 0.345 0.368 0.361 0.367 0.358 0.360 0.442 0.341 0.332 0.375 0.358 0.345 0.403 0.359 0.343 0.363 0.305
-0.677 0.409 0.452 0.472 0.382 0.405 1.463 0.406 0.388 0.391 0.407 0.391 0.387 0.385 0.408 0.399 0.407 0.396 0.397 0.498 0.376 0.392 0.414 0.400 0.381 0.449 0.398 0.378 0.401 0.393
-0.611 0.370 0.415 0.428 0.345 0.366 0.406 1.379 0.357 0.365 0.375 0.360 0.362 0.363 0.375 0.373 0.375 0.365 0.373 0.467 0.346 0.374 0.382 0.378 0.351 0.421 0.366 0.352 0.373 0.371
-0.585 0.354 0.400 0.409 0.330 0.350 0.388 0.357 1.347 0.355 0.364 0.350 0.352 0.354 0.365 0.363 0.364 0.355 0.363 0.454 0.337 0.367 0.372 0.369 0.341 0.409 0.356 0.343 0.363 0.366
-0.595 0.362 0.405 0.421 0.333 0.356 0.391 0.365 0.355 1.359 0.378 0.364 0.355 0.344 0.378 0.365 0.377 0.368 0.361 0.439 0.350 0.325 0.383 0.356 0.355 0.404 0.369 0.349 0.369 0.306
-0.614 0.372 0.417 0.429 0.347 0.368 0.407 0.375 0.364 0.378 1.382 0.371 0.374 0.376 0.387 0.385 0.387 0.376 0.386 0.481 0.358 0.387 0.395 0.391 0.362 0.434 0.378 0.364 0.385 0.384
-0.590 0.357 0.403 0.412 0.333 0.353 0.391 0.360 0.350 0.364 0.371 1.353 0.374 0.382 0.381 0.385 0.380 0.370 0.389 0.486 0.352 0.406 0.389 0.398 0.356 0.435 0.371 0.362 0.383 0.408
-0.590 0.358 0.404 0.420 0.329 0.351 0.387 0.362 0.352 0.355 0.374 0.374 1.353 0.360 0.374 0.370 0.373 0.363 0.370 0.463 0.345 0.370 0.380 0.375 0.349 0.417 0.365 0.349 0.370 0.367
-0.591 0.355 0.416 0.431 0.325 0.345 0.385 0.363 0.354 0.344 0.376 0.382 0.360 1.356 0.347 0.333 0.345 0.337 0.331 0.414 0.320 0.301 0.351 0.329 0.324 0.375 0.338 0.317 0.338 0.274
-0.615 0.373 0.417 0.430 0.347 0.368 0.408 0.375 0.365 0.378 0.387 0.381 0.374 0.347 1.384 0.403 0.399 0.388 0.406 0.506 0.370 0.413 0.409 0.414 0.374 0.455 0.390 0.380 0.401 0.407
-0.607 0.368 0.414 0.433 0.339 0.361 0.399 0.373 0.363 0.365 0.385 0.385 0.370 0.333 0.403 1.376 0.361 0.351 0.360 0.457 0.333 0.367 0.369 0.367 0.337 0.408 0.353 0.337 0.359 0.366
-0.614 0.372 0.416 0.430 0.346 0.367 0.407 0.375 0.364 0.377 0.387 0.380 0.373 0.345 0.399 0.361 1.383 0.384 0.389 0.479 0.365 0.366 0.402 0.389 0.370 0.435 0.386 0.369 0.391 0.342
-0.598 0.362 0.408 0.418 0.338 0.358 0.396 0.365 0.355 0.368 0.376 0.370 0.363 0.337 0.388 0.351 0.384 1.364 0.368 0.468 0.334 0.384 0.372 0.377 0.338 0.416 0.354 0.342 0.363 0.389
-0.608 0.368 0.416 0.436 0.336 0.360 0.397 0.373 0.363 0.361 0.386 0.389 0.370 0.331 0.406 0.360 0.389 0.368 1.378 0.485 0.375 0.375 0.410 0.394 0.380 0.440 0.395 0.375 0.397 0.359
-0.761 0.454 0.521 0.554 0.416 0.442 0.498 0.467 0.454 0.439 0.481 0.486 0.463 0.414 0.506 0.457 0.479 0.468 0.485 1.592 0.429 0.468 0.473 0.468 0.433 0.522 0.453 0.432 0.460 0.467
-0.568 0.344 0.390 0.397 0.321 0.341 0.376 0.346 0.337 0.350 0.358 0.352 0.345 0.320 0.370 0.333 0.365 0.334 0.375 0.429 1.330 0.369 0.369 0.369 0.337 0.409 0.352 0.339 0.360 0.365
-0.601 0.345 0.456 0.467 0.321 0.332 0.392 0.374 0.367 0.325 0.387 0.406 0.370 0.301 0.413 0.367 0.366 0.384 0.375 0.468 0.369 1.382 0.358 0.364 0.326 0.403 0.342 0.329 0.350 0.389
-0.626 0.380 0.423 0.439 0.352 0.375 0.414 0.382 0.372 0.383 0.395 0.389 0.380 0.351 0.409 0.369 0.402 0.372 0.410 0.473 0.369 0.358 1.400 0.411 0.401 0.461 0.416 0.396 0.418 0.388
-0.614 0.368 0.428 0.448 0.336 0.358 0.400 0.378 0.369 0.356 0.391 0.398 0.375 0.329 0.414 0.367 0.389 0.377 0.394 0.468 0.369 0.364 0.411 1.388 0.377 0.448 0.392 0.378 0.399 0.388
-0.575 0.348 0.395 0.401 0.325 0.345 0.381 0.351 0.341 0.355 0.362 0.356 0.349 0.324 0.374 0.337 0.370 0.338 0.380 0.433 0.337 0.326 0.401 0.377 1.340 0.357 0.303 0.288 0.309 0.310
-0.686 0.412 0.469 0.495 0.379 0.403 0.449 0.421 0.409 0.404 0.434 0.435 0.417 0.375 0.455 0.408 0.435 0.416 0.440 0.522 0.409 0.403 0.461 0.448 0.357 1.484 0.430 0.415 0.439 0.456
-0.600 0.363 0.409 0.419 0.339 0.359 0.398 0.366 0.356 0.369 0.378 0.371 0.365 0.338 0.390 0.353 0.386 0.354 0.395 0.453 0.352 0.342 0.416 0.392 0.303 0.430 1.372 0.403 0.424 0.340
-0.574 0.349 0.393 0.407 0.322 0.343 0.378 0.352 0.343 0.349 0.364 0.362 0.349 0.317 0.380 0.337 0.369 0.342 0.375 0.432 0.339 0.329 0.396 0.378 0.288 0.415 0.403 1.344 0.304 0.225
-0.609 0.369 0.415 0.431 0.341 0.363 0.401 0.373 0.363 0.369 0.385 0.383 0.370 0.338 0.401 0.359 0.391 0.363 0.397 0.460 0.360 0.350 0.418 0.399 0.309 0.439 0.424 0.304 1.389 0.526
-0.589 0.318 0.496 0.488 0.315 0.305 0.393 0.371 0.366 0.306 0.384 0.408 0.367 0.274 0.407 0.366 0.342 0.389 0.359 0.467 0.365 0.389 0.388 0.388 0.310 0.456 0.340 0.225 0.526 1.429
