1.000 0.002 0.002 0.007 0.002 0.005 0.010 0.002 0.002 0.007 0.009 0.002 0.007 0.002 0.008 0.002 0.003 0.003 0.002 0.002
0.002 1.000 -0.001 -0.002 -0.001 -0.001 -0.003 -0.001 -0.001 -0.001 -0.003 -0.001 -0.002 -0.001 -0.002 -0.001 -0.001 -0.001 -0.001 -0.001
0.002 -0.001 1.000 -0.015 -0.015 -0.014 -0.019 -0.015 -0.015 -0.014 -0.023 -0.015 -0.014 -0.015 -0.015 -0.015 -0.015 -0.015 -0.015 -0.015
0.007 -0.002 -0.015 1.000 0.002 0.003 0.005 0.002 0.001 0.004 0.002 0.002 0.004 0.001 0.004 0.001 0.002 0.002 0.001 0.002
0.002 -0.001 -0.015 0.002 1.000 0.008 0.032 0.005 0.004 0.012 0.042 0.004 0.014 0.004 0.017 0.004 0.005 0.006 0.004 0.004
0.005 -0.001 -0.014 0.003 0.008 1.000 0.001 -0.005 -0.005 -0.007 0.011 -0.005 -0.007 -0.005 -0.006 -0.005 -0.006 -0.006 -0.005 -0.006
0.010 -0.003 -0.019 0.005 0.032 0.001 1.001 -0.007 -0.007 -0.007 0.010 -0.007 -0.006 -0.007 -0.005 -0.007 -0.007 -0.007 -0.007 -0.007
0.002 -0.001 -0.015 0.002 0.005 -0.005 -0.007 1.000 0.001 0.001 0.002 0.001 0.001 0.001 0.001 0.001 0.001 0.001 0.001 0.001
0.002 -0.001 -0.015 0.001 0.004 -0.005 -0.007 0.001 1.000 -0.005 -0.005 -0.002 -0.006 -0.002 -0.006 -0.002 -0.003 -0.003 -0.002 -0.002
0.007 -0.001 -0.014 0.004 0.012 -0.007 -0.007 0.001 -0.005 1.001 0.017 -0.006 0.004 -0.006 0.005 -0.006 -0.005 -0.004 -0.006 -0.006
0.009 -0.003 -0.023 0.002 0.042 0.011 0.010 0.002 -0.005 0.017 1.003 -0.011 0.005 -0.011 0.008 -0.012 -0.010 -0.008 -0.012 -0.011
0.002 -0.001 -0.015 0.002 0.004 -0.005 -0.007 0.001 -0.002 -0.006 -0.011 1.001 -0.001 -0.001 -0.001 -0.000 -0.001 -0.001 -0.000 -0.001
0.007 -0.002 -0.014 0.004 0.014 -0.007 -0.006 0.001 -0.006 0.004 0.005 -0.001 1.001 0.007 0.001 0.007 0.007 0.006 0.007 0.007
0.002 -0.001 -0.015 0.001 0.004 -0.005 -0.007 0.001 -0.002 -0.006 -0.011 -0.001 0.007 1.001 0.002 0.001 0.002 0.002 0.001 0.001
0.008 -0.002 -0.015 0.004 0.017 -0.006 -0.005 0.001 -0.006 0.005 0.008 -0.001 0.001 0.002 1.001 0.014 0.013 0.012 0.014 0.014
0.002 -0.001 -0.015 0.001 0.004 -0.005 -0.007 0.001 -0.002 -0.006 -0.012 -0.000 0.007 0.001 0.014 1.001 0.002 0.002 0.002 0.002
0.003 -0.001 -0.015 0.002 0.005 -0.006 -0.007 0.001 -0.003 -0.005 -0.010 -0.001 0.007 0.002 0.013 0.002 1.001 0.010 0.011 0.010
0.003 -0.001 -0.015 0.002 0.006 -0.006 -0.007 0.001 -0.003 -0.004 -0.008 -0.001 0.006 0.002 0.012 0.002 0.010 1.001 -0.008 -0.010
0.002 -0.001 -0.015 0.001 0.004 -0.005 -0.007 0.001 -0.002 -0.006 -0.012 -0.000 0.007 0.001 0.014 0.002 0.011 -0.008 1.001 -0.014
0.002 -0.001 -0.015 0.002 0.004 -0.006 -0.007 0.001 -0.002 -0.006 -0.011 -0.001 0.007 0.001 0.014 0.002 0.010 -0.010 -0.014 1.001
