1.000 0.038 0.023 0.021 0.023 0.021 0.025 0.021 0.030 0.030
0.038 1.001 0.012 0.011 0.012 0.010 0.014 0.010 0.018 0.018
0.023 0.012 1.001 0.008 0.009 0.008 0.010 0.007 0.014 0.013
0.021 0.011 0.008 1.001 0.001 0.001 0.002 0.001 0.003 0.003
0.023 0.012 0.009 0.001 1.001 -0.005 -0.005 -0.005 -0.006 -0.005
0.021 0.010 0.008 0.001 -0.005 1.001 0.053 0.047 0.060 0.059
0.025 0.014 0.010 0.002 -0.005 0.053 1.004 -0.025 -0.018 -0.019
0.021 0.010 0.007 0.001 -0.005 0.047 -0.025 1.003 0.023 0.024
0.030 0.018 0.014 0.003 -0.006 0.060 -0.018 0.023 1.006 0.008
0.030 0.018 0.013 0.003 -0.005 0.059 -0.019 0.024 0.008 1.006
