1.000 -0.003 -0.002 -0.003 -0.003 -0.002 -0.003 0.027 -0.003 0.005 -0.003 0.018 -0.003 -0.003 0.020 -0.003 0.001 0.000 -0.003 -0.003 0.009 -0.003 0.001 -0.001 0.001 -0.002 -0.003 -0.003 0.001 0.026
-0.003 1.000 0.013 0.014 0.014 0.013 0.013 -0.007 0.014 0.008 0.014 -0.001 0.013 0.013 -0.002 0.013 0.011 0.011 0.014 0.014 0.005 0.014 0.011 0.012 0.011 0.012 0.013 0.014 0.011 -0.006
-0.002 0.013 1.000 0.001 0.001 0.001 0.001 0.011 0.001 0.003 0.001 0.008 0.001 0.001 0.009 0.001 0.002 0.002 0.001 0.001 0.005 0.001 0.002 0.001 0.002 0.001 0.001 0.001 0.002 0.010
-0.003 0.014 0.001 1.000 -0.004 -0.005 -0.004 -0.018 -0.004 -0.008 -0.004 -0.013 -0.004 -0.004 -0.014 -0.004 -0.006 -0.006 -0.004 -0.004 -0.010 -0.004 -0.006 -0.005 -0.006 -0.005 -0.004 -0.004 -0.006 -0.017
-0.003 0.014 0.001 -0.004 1.000 -0.014 -0.012 -0.076 -0.011 -0.028 -0.011 -0.056 -0.012 -0.012 -0.060 -0.012 -0.021 -0.019 -0.011 -0.011 -0.037 -0.011 -0.021 -0.016 -0.019 -0.015 -0.012 -0.011 -0.020 -0.072
-0.002 0.013 0.001 -0.005 -0.014 1.000 0.009 0.014 0.009 0.010 0.009 0.012 0.009 0.009 0.012 0.009 0.010 0.010 0.009 0.009 0.011 0.009 0.010 0.010 0.010 0.010 0.009 0.009 0.010 0.013
-0.003 0.013 0.001 -0.004 -0.012 0.009 1.000 0.004 0.004 0.004 0.004 0.004 0.004 0.004 0.004 0.004 0.004 0.004 0.004 0.004 0.004 0.004 0.004 0.004 0.004 0.004 0.004 0.004 0.004 0.004
0.027 -0.007 0.011 -0.018 -0.076 0.014 0.004 1.007 0.011 0.022 0.011 0.040 0.011 0.012 0.043 0.011 0.017 0.016 0.011 0.011 0.028 0.011 0.017 0.014 0.016 0.013 0.011 0.011 0.017 0.051
-0.003 0.014 0.001 -0.004 -0.011 0.009 0.004 0.011 1.001 0.010 0.005 0.019 0.005 0.005 0.020 0.005 0.008 0.007 0.005 0.005 0.013 0.005 0.008 0.007 0.007 0.006 0.005 0.005 0.008 0.024
0.005 0.008 0.003 -0.008 -0.028 0.010 0.004 0.022 0.010 1.002 -0.008 0.005 -0.008 -0.008 0.007 -0.008 -0.005 -0.006 -0.008 -0.008 -0.000 -0.008 -0.005 -0.007 -0.006 -0.007 -0.008 -0.008 -0.005 0.010
-0.003 0.014 0.001 -0.004 -0.011 0.009 0.004 0.011 0.005 -0.008 1.001 -0.046 0.015 0.014 -0.053 0.015 0.002 0.005 0.015 0.015 -0.020 0.016 0.002 0.009 0.004 0.011 0.015 0.015 0.003 -0.069
0.018 -0.001 0.008 -0.013 -0.056 0.012 0.004 0.040 0.019 0.005 -0.046 1.008 -0.008 -0.008 0.007 -0.008 -0.005 -0.006 -0.008 -0.008 -0.000 -0.008 -0.005 -0.006 -0.005 -0.007 -0.008 -0.008 -0.005 0.010
-0.003 0.013 0.001 -0.004 -0.012 0.009 0.004 0.011 0.005 -0.008 0.015 -0.008 1.001 0.026 0.041 0.026 0.029 0.028 0.026 0.026 0.034 0.026 0.029 0.027 0.028 0.027 0.026 0.026 0.028 0.045
-0.003 0.013 0.001 -0.004 -0.012 0.009 0.004 0.012 0.005 -0.008 0.014 -0.008 0.026 1.002 0.059 -0.000 0.011 0.008 -0.000 -0.000 0.031 -0.001 0.011 0.005 0.009 0.004 0.000 -0.000 0.010 0.073
0.020 -0.002 0.009 -0.014 -0.060 0.012 0.004 0.043 0.020 0.007 -0.053 0.007 0.041 0.059 1.014 -0.042 -0.039 -0.040 -0.042 -0.042 -0.033 -0.042 -0.039 -0.040 -0.039 -0.041 -0.042 -0.042 -0.039 -0.022
-0.003 0.013 0.001 -0.004 -0.012 0.009 0.004 0.011 0.005 -0.008 0.015 -0.008 0.026 -0.000 -0.042 1.003 -0.001 0.001 0.005 0.005 -0.010 0.005 -0.001 0.002 0.000 0.003 0.004 0.004 -0.000 -0.029
0.001 0.011 0.002 -0.006 -0.021 0.010 0.004 0.017 0.008 -0.005 0.002 -0.005 0.029 0.011 -0.039 -0.001 1.004 0.017 0.011 0.011 0.033 0.011 0.019 0.015 0.018 0.014 0.011 0.011 0.018 0.062
0.000 0.011 0.002 -0.006 -0.019 0.010 0.004 0.016 0.007 -0.006 0.005 -0.006 0.028 0.008 -0.040 0.001 0.017 1.004 0.004 0.004 0.001 0.004 0.002 0.003 0.003 0.003 0.003 0.003 0.002 -0.003
-0.003 0.014 0.001 -0.004 -0.011 0.009 0.004 0.011 0.005 -0.008 0.015 -0.008 0.026 -0.000 -0.042 0.005 0.011 0.004 1.003 0.039 0.047 0.039 0.042 0.041 0.042 0.040 0.039 0.039 0.042 0.057
-0.003 0.014 0.001 -0.004 -0.011 0.009 0.004 0.011 0.005 -0.008 0.015 -0.008 0.026 -0.000 -0.042 0.005 0.011 0.004 0.039 1.005 -0.012 -0.004 -0.007 -0.006 -0.007 -0.005 -0.004 -0.004 -0.007 -0.022
0.009 0.005 0.005 -0.010 -0.037 0.011 0.004 0.028 0.013 -0.000 -0.020 -0.000 0.034 0.031 -0.033 -0.010 0.033 0.001 0.047 -0.012 1.010 0.040 0.051 0.046 0.049 0.045 0.041 0.041 0.050 0.109
-0.003 0.014 0.001 -0.004 -0.011 0.009 0.004 0.011 0.005 -0.008 0.016 -0.008 0.026 -0.001 -0.042 0.005 0.011 0.004 0.039 -0.004 0.040 1.006 0.010 0.011 0.010 0.011 0.012 0.012 0.010 -0.005
0.001 0.011 0.002 -0.006 -0.021 0.010 0.004 0.017 0.008 -0.005 0.002 -0.005 0.029 0.011 -0.039 -0.001 0.019 0.002 0.042 -0.007 0.051 0.010 1.008 0.009 0.008 0.009 0.009 0.009 0.008 0.001
-0.001 0.012 0.001 -0.005 -0.016 0.010 0.004 0.014 0.007 -0.007 0.009 -0.006 0.027 0.005 -0.040 0.002 0.015 0.003 0.041 -0.006 0.046 0.011 0.009 1.007 0.028 0.027 0.026 0.026 0.028 0.044
0.001 0.011 0.002 -0.006 -0.019 0.010 0.004 0.016 0.007 -0.006 0.004 -0.005 0.028 0.009 -0.039 0.000 0.018 0.003 0.042 -0.007 0.049 0.010 0.008 0.028 1.008 0.015 0.017 0.017 0.011 -0.027
-0.002 0.012 0.001 -0.005 -0.015 0.010 0.004 0.013 0.006 -0.007 0.011 -0.007 0.027 0.004 -0.041 0.003 0.014 0.003 0.040 -0.005 0.045 0.011 0.009 0.027 0.015 1.007 0.028 0.028 0.024 0.003
-0.003 0.013 0.001 -0.004 -0.012 0.009 0.004 0.011 0.005 -0.008 0.015 -0.008 0.026 0.000 -0.042 0.004 0.011 0.003 0.039 -0.004 0.041 0.012 0.009 0.026 0.017 0.028 1.007 0.008 0.011 0.024
-0.003 0.014 0.001 -0.004 -0.011 0.009 0.004 0.011 0.005 -0.008 0.015 -0.008 0.026 -0.000 -0.042 0.004 0.011 0.003 0.039 -0.004 0.041 0.012 0.009 0.026 0.017 0.028 0.008 1.007 0.011 0.021
0.001 0.011 0.002 -0.006 -0.020 0.010 0.004 0.017 0.008 -0.005 0.003 -0.005 0.028 0.010 -0.039 -0.000 0.018 0.002 0.042 -0.007 0.050 0.010 0.008 0.028 0.011 0.024 0.011 0.011 1.008 -0.030
0.026 -0.006 0.010 -0.017 -0.072 0.013 0.004 0.051 0.024 0.010 -0.069 0.010 0.045 0.073 -0.022 -0.029 0.062 -0.003 0.057 -0.022 0.109 -0.005 0.001 0.044 -0.027 0.003 0.024 0.021 -0.030 1.044
