1.000 -2.177 -1.800 -1.460 -1.151 -1.090 -0.971 -0.840 -0.833 -0.701 -0.601 -0.499 -0.410 -0.456 -0.383 -0.345 -0.351 -0.363 -0.251 -0.247 -0.338 -0.205 -0.031 0.078 -0.362 -0.190 0.123 0.076 0.218 0.660
-2.177 5.738 3.775 3.064 2.417 2.289 2.041 1.766 1.753 1.476 1.267 1.052 0.866 0.964 0.809 0.730 0.744 0.769 0.535 0.525 0.716 0.438 0.073 -0.155 0.767 0.406 -0.249 -0.150 -0.446 -1.372
-1.800 3.775 4.261 2.511 1.978 1.873 1.669 1.443 1.431 1.204 1.031 0.855 0.702 0.782 0.655 0.590 0.601 0.622 0.429 0.421 0.579 0.350 0.049 -0.138 0.621 0.324 -0.215 -0.134 -0.378 -1.140
-1.460 3.064 2.511 3.164 1.555 1.471 1.308 1.128 1.119 0.937 0.799 0.659 0.537 0.601 0.499 0.447 0.456 0.473 0.319 0.312 0.438 0.255 0.016 -0.134 0.472 0.235 -0.196 -0.131 -0.326 -0.934
-1.151 2.417 1.978 1.555 2.367 1.187 1.057 0.913 0.906 0.760 0.650 0.538 0.440 0.492 0.411 0.369 0.376 0.390 0.266 0.261 0.362 0.216 0.024 -0.095 0.388 0.199 -0.145 -0.093 -0.248 -0.734
-1.090 2.289 1.873 1.471 1.187 2.237 0.988 0.855 0.848 0.713 0.611 0.507 0.416 0.463 0.388 0.350 0.356 0.368 0.254 0.249 0.343 0.207 0.029 -0.082 0.367 0.192 -0.128 -0.080 -0.224 -0.675
-0.971 2.041 1.669 1.308 1.057 0.988 1.997 0.771 0.765 0.643 0.551 0.457 0.375 0.418 0.350 0.316 0.321 0.333 0.230 0.225 0.309 0.187 0.027 -0.073 0.332 0.173 -0.114 -0.071 -0.201 -0.608
-0.840 1.766 1.443 1.128 0.913 0.855 0.771 1.755 0.698 0.581 0.493 0.403 0.324 0.365 0.300 0.267 0.273 0.283 0.184 0.180 0.261 0.144 -0.010 -0.106 0.283 0.130 -0.146 -0.104 -0.229 -0.619
-0.833 1.753 1.431 1.119 0.906 0.848 0.765 0.698 1.746 0.553 0.470 0.386 0.313 0.351 0.291 0.260 0.265 0.275 0.183 0.179 0.254 0.145 0.002 -0.087 0.274 0.133 -0.124 -0.086 -0.202 -0.565
-0.701 1.476 1.204 0.937 0.760 0.713 0.643 0.581 0.553 1.536 0.353 0.281 0.218 0.251 0.199 0.173 0.177 0.186 0.107 0.104 0.168 0.075 -0.048 -0.124 0.185 0.064 -0.156 -0.123 -0.222 -0.533
-0.601 1.267 1.031 0.799 0.650 0.611 0.551 0.493 0.470 0.353 1.407 0.265 0.208 0.238 0.191 0.167 0.171 0.179 0.107 0.104 0.163 0.078 -0.034 -0.104 0.178 0.068 -0.132 -0.102 -0.193 -0.476
-0.499 1.052 0.855 0.659 0.538 0.507 0.457 0.403 0.386 0.281 0.265 1.291 0.140 0.166 0.126 0.105 0.108 0.115 0.054 0.051 0.101 0.029 -0.066 -0.126 0.115 0.021 -0.150 -0.124 -0.201 -0.443
-0.410 0.866 0.702 0.537 0.440 0.416 0.375 0.324 0.313 0.218 0.208 0.140 1.213 0.224 0.195 0.180 0.183 0.188 0.143 0.141 0.177 0.125 0.056 0.013 0.187 0.119 -0.004 0.014 -0.042 -0.216
-0.456 0.964 0.782 0.601 0.492 0.463 0.418 0.365 0.351 0.251 0.238 0.166 0.224 1.258 0.163 0.144 0.147 0.153 0.096 0.094 0.140 0.073 -0.015 -0.070 0.153 0.066 -0.092 -0.069 -0.140 -0.363
-0.383 0.809 0.655 0.499 0.411 0.388 0.350 0.300 0.291 0.199 0.191 0.126 0.195 0.163 1.193 0.101 0.104 0.108 0.069 0.067 0.099 0.053 -0.007 -0.045 0.108 0.048 -0.061 -0.044 -0.094 -0.247
-0.345 0.730 0.590 0.447 0.369 0.350 0.316 0.267 0.260 0.173 0.167 0.105 0.180 0.144 0.101 1.169 0.170 0.174 0.137 0.135 0.165 0.121 0.064 0.028 0.173 0.116 0.013 0.029 -0.018 -0.164
-0.351 0.744 0.601 0.456 0.376 0.356 0.321 0.273 0.265 0.177 0.171 0.108 0.183 0.147 0.104 0.170 1.174 0.183 0.145 0.143 0.174 0.129 0.071 0.034 0.182 0.124 0.019 0.035 -0.013 -0.162
-0.363 0.769 0.622 0.473 0.390 0.368 0.333 0.283 0.275 0.186 0.179 0.115 0.188 0.153 0.108 0.174 0.183 1.184 -0.050 -0.052 -0.017 -0.067 -0.133 -0.175 -0.008 -0.073 -0.191 -0.174 -0.227 -0.394
-0.251 0.535 0.429 0.319 0.266 0.254 0.230 0.184 0.183 0.107 0.107 0.054 0.143 0.096 0.069 0.137 0.145 -0.050 1.142 0.195 0.214 0.186 0.149 0.126 0.219 0.183 0.117 0.127 0.097 0.003
-0.247 0.525 0.421 0.312 0.261 0.249 0.225 0.180 0.179 0.104 0.104 0.051 0.141 0.094 0.067 0.135 0.143 -0.052 0.195 1.143 0.323 0.282 0.228 0.195 0.330 0.277 0.181 0.195 0.152 0.016
-0.338 0.716 0.579 0.438 0.362 0.343 0.309 0.261 0.254 0.168 0.163 0.101 0.177 0.140 0.099 0.165 0.174 -0.017 0.214 0.323 1.226 -0.049 -0.122 -0.167 0.017 -0.055 -0.186 -0.166 -0.226 -0.411
-0.205 0.438 0.350 0.255 0.216 0.207 0.187 0.144 0.145 0.075 0.078 0.029 0.125 0.073 0.053 0.121 0.129 -0.067 0.186 0.282 -0.049 1.194 -0.077 -0.101 -0.005 -0.043 -0.111 -0.100 -0.131 -0.228
-0.031 0.073 0.049 0.016 0.024 0.029 0.027 -0.010 0.002 -0.048 -0.034 -0.066 0.056 -0.015 -0.007 0.064 0.071 -0.133 0.149 0.228 -0.122 -0.077 1.201 -0.032 -0.025 -0.028 -0.033 -0.032 -0.034 -0.042
0.078 -0.155 -0.138 -0.134 -0.095 -0.082 -0.073 -0.106 -0.087 -0.124 -0.104 -0.126 0.013 -0.070 -0.045 0.028 0.034 -0.175 0.126 0.195 -0.167 -0.101 -0.032 1.257 0.997 0.975 0.935 0.941 0.923 0.866
-0.362 0.767 0.621 0.472 0.388 0.367 0.332 0.283 0.274 0.185 0.178 0.115 0.187 0.153 0.108 0.173 0.182 -0.008 0.219 0.330 0.017 -0.005 -0.025 0.997 2.002 0.665 0.508 0.531 0.460 0.238
-0.190 0.406 0.324 0.235 0.199 0.192 0.173 0.130 0.133 0.064 0.068 0.021 0.119 0.066 0.048 0.116 0.124 -0.073 0.183 0.277 -0.055 -0.043 -0.028 0.975 0.665 1.899 0.383 0.401 0.348 0.181
0.123 -0.249 -0.215 -0.196 -0.145 -0.128 -0.114 -0.146 -0.124 -0.156 -0.132 -0.150 -0.004 -0.092 -0.061 0.013 0.019 -0.191 0.117 0.181 -0.186 -0.111 -0.033 0.935 0.508 0.383 1.927 0.876 0.844 0.745
0.076 -0.150 -0.134 -0.131 -0.093 -0.080 -0.071 -0.104 -0.086 -0.123 -0.102 -0.124 0.014 -0.069 -0.044 0.029 0.035 -0.174 0.127 0.195 -0.166 -0.100 -0.032 0.941 0.531 0.401 0.876 1.935 0.832 0.840
0.218 -0.446 -0.378 -0.326 -0.248 -0.224 -0.201 -0.229 -0.202 -0.222 -0.193 -0.201 -0.042 -0.140 -0.094 -0.018 -0.013 -0.227 0.097 0.152 -0.226 -0.131 -0.034 0.923 0.460 0.348 0.844 0.832 1.946 0.402
0.660 -1.372 -1.140 -0.934 -0.734 -0.675 -0.608 -0.619 -0.565 -0.533 -0.476 -0.443 -0.216 -0.363 -0.247 -0.164 -0.162 -0.394 0.003 0.016 -0.411 -0.228 -0.042 0.866 0.238 0.181 0.745 0.840 0.402 2.585
