1.000 -0.954 -0.912 -0.950 -0.960 -0.939 -0.952 -0.939 -0.958 -0.935 -0.943 -0.935 -0.937 -0.995 -0.933 -0.912 -0.947 -0.983 -0.955 -0.942 -0.943 -0.962 -0.943 -0.930 -0.984 -0.964 -0.971 -0.929 -0.982 -0.946
-0.954 1.911 0.844 0.869 0.882 0.864 0.889 0.861 0.878 0.858 0.864 0.859 0.860 0.919 0.858 0.856 0.870 0.912 0.881 0.881 0.864 0.882 0.866 0.855 0.903 0.890 0.888 0.857 0.911 0.871
-0.912 0.844 1.833 0.841 0.863 0.838 0.877 0.832 0.852 0.830 0.835 0.830 0.831 0.904 0.829 0.843 0.846 0.899 0.861 0.868 0.836 0.859 0.840 0.826 0.883 0.871 0.863 0.832 0.897 0.846
-0.950 0.869 0.841 1.905 0.912 0.898 0.903 0.897 0.913 0.895 0.900 0.894 0.896 0.942 0.894 0.869 0.903 0.929 0.909 0.894 0.901 0.916 0.902 0.891 0.932 0.916 0.922 0.890 0.929 0.905
-0.960 0.882 0.863 0.912 1.923 0.876 0.883 0.881 0.894 0.877 0.886 0.876 0.879 0.919 0.873 0.851 0.887 0.910 0.887 0.875 0.883 0.896 0.881 0.871 0.915 0.896 0.908 0.866 0.907 0.880
-0.939 0.864 0.838 0.898 0.876 1.884 0.891 0.887 0.902 0.884 0.890 0.884 0.885 0.930 0.883 0.857 0.892 0.917 0.898 0.883 0.890 0.905 0.890 0.880 0.921 0.904 0.912 0.878 0.917 0.893
-0.952 0.889 0.877 0.903 0.883 0.891 1.908 0.862 0.886 0.858 0.866 0.858 0.860 0.945 0.856 0.856 0.877 0.934 0.892 0.889 0.867 0.894 0.869 0.852 0.924 0.905 0.902 0.857 0.933 0.876
-0.939 0.861 0.832 0.897 0.881 0.887 0.862 1.885 0.896 0.875 0.883 0.875 0.877 0.930 0.873 0.850 0.886 0.918 0.892 0.878 0.882 0.900 0.882 0.870 0.920 0.901 0.910 0.868 0.917 0.884
-0.958 0.878 0.852 0.913 0.894 0.902 0.886 0.896 1.920 0.908 0.918 0.907 0.911 0.962 0.905 0.877 0.921 0.950 0.924 0.906 0.916 0.934 0.914 0.902 0.956 0.934 0.947 0.897 0.948 0.915
-0.935 0.858 0.830 0.895 0.877 0.884 0.858 0.875 0.908 1.879 0.898 0.889 0.892 0.948 0.887 0.869 0.902 0.938 0.908 0.898 0.897 0.915 0.896 0.884 0.938 0.918 0.926 0.881 0.936 0.898
-0.943 0.864 0.835 0.900 0.886 0.890 0.866 0.883 0.918 0.898 1.893 0.873 0.876 0.938 0.871 0.857 0.888 0.928 0.895 0.886 0.882 0.902 0.881 0.868 0.926 0.906 0.912 0.867 0.926 0.884
-0.935 0.859 0.830 0.894 0.876 0.884 0.858 0.875 0.907 0.889 0.873 1.878 0.932 0.937 0.934 0.841 0.929 0.907 0.926 0.865 0.937 0.944 0.938 0.931 0.945 0.924 0.950 0.922 0.912 0.939
-0.937 0.860 0.831 0.896 0.879 0.885 0.860 0.877 0.911 0.892 0.876 0.932 1.885 0.942 0.895 0.860 0.903 0.925 0.910 0.887 0.902 0.918 0.903 0.892 0.933 0.916 0.924 0.891 0.926 0.908
-0.995 0.919 0.904 0.942 0.919 0.930 0.945 0.930 0.962 0.948 0.938 0.937 0.942 1.993 1.018 0.890 1.004 0.975 1.009 0.920 1.016 1.029 1.023 1.012 1.024 1.004 1.026 1.009 0.986 1.033
-0.933 0.858 0.829 0.894 0.873 0.883 0.856 0.873 0.905 0.887 0.871 0.934 0.895 1.018 1.886 0.748 0.766 0.923 0.785 0.823 0.736 0.791 0.727 0.693 0.878 0.825 0.833 0.687 0.907 0.726
-0.912 0.856 0.843 0.869 0.851 0.857 0.856 0.850 0.877 0.869 0.857 0.841 0.860 0.890 0.748 1.845 0.843 0.867 0.849 0.833 0.841 0.856 0.842 0.832 0.872 0.856 0.863 0.830 0.868 0.845
-0.947 0.870 0.846 0.903 0.887 0.892 0.877 0.886 0.921 0.902 0.888 0.929 0.903 1.004 0.766 0.843 1.924 0.974 0.970 0.936 0.972 0.982 0.971 0.963 0.992 0.974 0.990 0.957 0.975 0.973
-0.983 0.912 0.899 0.929 0.910 0.917 0.934 0.918 0.950 0.938 0.928 0.907 0.925 0.975 0.923 0.867 0.974 1.971 0.880 0.851 0.875 0.893 0.873 0.860 0.915 0.889 0.907 0.853 0.900 0.873
-0.955 0.881 0.861 0.909 0.887 0.898 0.892 0.892 0.924 0.908 0.895 0.926 0.910 1.009 0.785 0.849 0.970 0.880 1.939 0.911 0.904 0.921 0.908 0.897 0.936 0.925 0.924 0.900 0.942 0.913
-0.942 0.881 0.868 0.894 0.875 0.883 0.889 0.878 0.906 0.898 0.886 0.865 0.887 0.920 0.823 0.833 0.936 0.851 0.911 1.901 0.878 0.895 0.880 0.869 0.908 0.889 0.900 0.867 0.896 0.885
-0.943 0.864 0.836 0.901 0.883 0.890 0.867 0.882 0.916 0.897 0.882 0.937 0.902 1.016 0.736 0.841 0.972 0.875 0.904 0.878 1.934 0.958 0.948 0.940 0.966 0.952 0.962 0.937 0.955 0.952
-0.962 0.882 0.859 0.916 0.896 0.905 0.894 0.900 0.934 0.915 0.902 0.944 0.918 1.029 0.791 0.856 0.982 0.893 0.921 0.895 0.958 1.957 0.972 0.962 0.995 0.978 0.990 0.959 0.985 0.975
-0.943 0.866 0.840 0.902 0.881 0.890 0.869 0.882 0.914 0.896 0.881 0.938 0.903 1.023 0.727 0.842 0.971 0.873 0.908 0.880 0.948 0.972 1.939 0.868 0.916 0.903 0.901 0.871 0.922 0.886
-0.930 0.855 0.826 0.891 0.871 0.880 0.852 0.870 0.902 0.884 0.868 0.931 0.892 1.012 0.693 0.832 0.963 0.860 0.897 0.869 0.940 0.962 0.868 1.929 0.861 0.840 0.865 0.831 0.832 0.849
-0.984 0.903 0.883 0.932 0.915 0.921 0.924 0.920 0.956 0.938 0.926 0.945 0.933 1.024 0.878 0.872 0.992 0.915 0.936 0.908 0.966 0.995 0.916 0.861 1.992 0.995 1.010 0.968 1.005 0.987
-0.964 0.890 0.871 0.916 0.896 0.904 0.905 0.901 0.934 0.918 0.906 0.924 0.916 1.004 0.825 0.856 0.974 0.889 0.925 0.889 0.952 0.978 0.903 0.840 0.995 1.961 1.063 1.075 1.058 1.084
-0.971 0.888 0.863 0.922 0.908 0.912 0.902 0.910 0.947 0.926 0.912 0.950 0.924 1.026 0.833 0.863 0.990 0.907 0.924 0.900 0.962 0.990 0.901 0.865 1.010 1.063 1.986 0.996 1.026 1.010
-0.929 0.857 0.832 0.890 0.866 0.878 0.857 0.868 0.897 0.881 0.867 0.922 0.891 1.009 0.687 0.830 0.957 0.853 0.900 0.867 0.937 0.959 0.871 0.831 0.968 1.075 0.996 1.954 0.962 0.957
-0.982 0.911 0.897 0.929 0.907 0.917 0.933 0.917 0.948 0.936 0.926 0.912 0.926 0.986 0.907 0.868 0.975 0.900 0.942 0.896 0.955 0.985 0.922 0.832 1.005 1.058 1.026 0.962 1.996 0.810
-0.946 0.871 0.846 0.905 0.880 0.893 0.876 0.884 0.915 0.898 0.884 0.939 0.908 1.033 0.726 0.845 0.973 0.873 0.913 0.885 0.952 0.975 0.886 0.849 0.987 1.084 1.010 0.957 0.810 2.001
