1.000 -0.017 0.018 0.011 0.015 0.012 0.017 -0.017 0.013 0.011 0.018 0.018 0.016 0.018 0.011 0.010 0.004 -0.004 -0.015 0.017 0.009 0.018 0.019 -0.005 -0.026 -0.008 0.018 0.018 0.015 0.017
-0.017 1.000 -0.002 -0.003 -0.003 -0.003 -0.002 0.003 -0.003 -0.003 -0.002 -0.002 -0.002 -0.002 -0.003 -0.003 -0.004 -0.002 0.001 -0.002 -0.003 -0.002 -0.002 -0.001 0.019 -0.001 -0.002 -0.002 -0.003 -0.002
0.018 -0.002 1.000 0.002 0.001 0.001 0.001 0.008 0.001 0.002 0.001 0.001 0.001 0.001 0.002 0.002 0.003 0.005 0.008 0.001 0.003 0.001 0.001 0.006 0.010 0.006 0.001 0.001 0.001 0.001
0.011 -0.003 0.002 1.000 0.071 0.071 0.071 0.056 0.071 0.070 0.071 0.071 0.071 0.071 0.070 0.070 0.069 0.065 0.058 0.071 0.070 0.071 0.071 0.063 0.043 0.062 0.071 0.071 0.071 0.071
0.015 -0.003 0.001 0.071 1.005 -0.036 -0.035 -0.060 -0.036 -0.037 -0.036 -0.035 -0.036 -0.035 -0.037 -0.037 -0.039 -0.047 -0.057 -0.035 -0.038 -0.036 -0.036 -0.048 -0.074 -0.051 -0.035 -0.036 -0.036 -0.036
0.012 -0.003 0.001 0.071 -0.036 1.007 -0.008 0.031 -0.003 -0.000 -0.009 -0.009 -0.006 -0.009 -0.000 0.002 0.008 0.018 0.029 -0.008 0.003 -0.009 -0.010 0.018 0.036 0.022 -0.009 -0.009 -0.005 -0.008
0.017 -0.002 0.001 0.071 -0.035 -0.008 1.007 -0.048 -0.065 -0.064 -0.067 -0.067 -0.066 -0.067 -0.064 -0.063 -0.060 -0.055 -0.049 -0.067 -0.062 -0.067 -0.067 -0.054 -0.046 -0.052 -0.067 -0.067 -0.066 -0.067
-0.017 0.003 0.008 0.056 -0.060 0.031 -0.048 1.011 0.024 0.024 0.024 0.024 0.024 0.024 0.024 0.024 0.024 0.026 0.029 0.024 0.024 0.024 0.024 0.027 0.033 0.028 0.024 0.024 0.024 0.024
0.013 -0.003 0.001 0.071 -0.036 -0.003 -0.065 0.024 1.012 -0.007 -0.014 -0.014 -0.011 -0.014 -0.007 -0.005 -0.000 0.008 0.019 -0.013 -0.004 -0.014 -0.014 0.009 0.030 0.012 -0.013 -0.013 -0.010 -0.013
0.011 -0.003 0.002 0.070 -0.037 -0.000 -0.064 0.024 -0.007 1.012 -0.006 -0.006 -0.005 -0.006 -0.004 -0.003 -0.002 -0.000 0.002 -0.006 -0.003 -0.006 -0.006 -0.000 0.004 0.001 -0.006 -0.006 -0.005 -0.006
0.018 -0.002 0.001 0.071 -0.036 -0.009 -0.067 0.024 -0.014 -0.006 1.014 -0.051 -0.050 -0.051 -0.047 -0.047 -0.044 -0.040 -0.036 -0.051 -0.046 -0.052 -0.052 -0.040 -0.030 -0.039 -0.051 -0.051 -0.050 -0.051
0.018 -0.002 0.001 0.071 -0.035 -0.009 -0.067 0.024 -0.014 -0.006 -0.051 1.018 0.024 0.024 0.023 0.023 0.023 0.022 0.021 0.024 0.023 0.024 0.024 0.022 0.020 0.022 0.024 0.024 0.024 0.024
0.016 -0.002 0.001 0.071 -0.036 -0.006 -0.066 0.024 -0.011 -0.005 -0.050 0.024 1.018 0.051 0.048 0.047 0.045 0.044 0.043 0.051 0.047 0.052 0.052 0.044 0.045 0.044 0.051 0.051 0.050 0.051
0.018 -0.002 0.001 0.071 -0.035 -0.009 -0.067 0.024 -0.014 -0.006 -0.051 0.024 0.051 1.019 0.019 0.019 0.019 0.019 0.020 0.020 0.019 0.020 0.020 0.020 0.023 0.020 0.020 0.020 0.020 0.020
0.011 -0.003 0.002 0.070 -0.037 -0.000 -0.064 0.024 -0.007 -0.004 -0.047 0.023 0.048 0.019 1.017 0.046 0.038 0.025 0.009 0.059 0.045 0.060 0.061 0.024 -0.007 0.020 0.060 0.060 0.055 0.058
0.010 -0.003 0.002 0.070 -0.037 0.002 -0.063 0.024 -0.005 -0.003 -0.047 0.023 0.047 0.019 0.046 1.018 -0.005 0.009 0.025 -0.026 -0.012 -0.028 -0.029 0.009 0.036 0.014 -0.027 -0.027 -0.022 -0.026
0.004 -0.004 0.003 0.069 -0.039 0.008 -0.060 0.024 -0.000 -0.002 -0.044 0.023 0.045 0.019 0.038 -0.005 1.017 0.081 0.069 0.102 0.094 0.102 0.103 0.079 0.054 0.076 0.102 0.102 0.100 0.101
-0.004 -0.002 0.005 0.065 -0.047 0.018 -0.055 0.026 0.008 -0.000 -0.040 0.022 0.044 0.019 0.025 0.009 0.081 1.019 0.032 0.017 0.021 0.017 0.017 0.028 0.036 0.029 0.017 0.017 0.018 0.018
-0.015 0.001 0.008 0.058 -0.057 0.029 -0.049 0.029 0.019 0.002 -0.036 0.021 0.043 0.020 0.009 0.025 0.069 0.032 1.018 0.028 0.023 0.029 0.029 0.014 -0.005 0.012 0.029 0.029 0.027 0.028
0.017 -0.002 0.001 0.071 -0.035 -0.008 -0.067 0.024 -0.013 -0.006 -0.051 0.024 0.051 0.020 0.059 -0.026 0.102 0.017 0.028 1.030 0.114 0.134 0.135 0.086 0.037 0.080 0.133 0.133 0.127 0.132
0.009 -0.003 0.003 0.070 -0.038 0.003 -0.062 0.024 -0.004 -0.003 -0.046 0.023 0.047 0.019 0.045 -0.012 0.094 0.021 0.023 0.114 1.032 -0.013 -0.012 -0.030 -0.041 -0.033 -0.013 -0.013 -0.015 -0.013
0.018 -0.002 0.001 0.071 -0.036 -0.009 -0.067 0.024 -0.014 -0.006 -0.052 0.024 0.052 0.020 0.060 -0.028 0.102 0.017 0.029 0.134 -0.013 1.044 0.032 0.024 0.018 0.023 0.032 0.032 0.031 0.032
0.019 -0.002 0.001 0.071 -0.036 -0.010 -0.067 0.024 -0.014 -0.006 -0.052 0.024 0.052 0.020 0.061 -0.029 0.103 0.017 0.029 0.135 -0.012 0.032 1.044 0.019 0.096 0.026 -0.041 -0.041 -0.034 -0.039
-0.005 -0.001 0.006 0.063 -0.048 0.018 -0.054 0.027 0.009 -0.000 -0.040 0.022 0.044 0.020 0.024 0.009 0.079 0.028 0.014 0.086 -0.030 0.024 0.019 1.026 0.045 0.012 -0.018 -0.018 -0.014 -0.017
-0.026 0.019 0.010 0.043 -0.074 0.036 -0.046 0.033 0.030 0.004 -0.030 0.020 0.045 0.023 -0.007 0.036 0.054 0.036 -0.005 0.037 -0.041 0.018 0.096 0.045 1.030 0.058 0.001 0.001 0.007 0.003
-0.008 -0.001 0.006 0.062 -0.051 0.022 -0.052 0.028 0.012 0.001 -0.039 0.022 0.044 0.020 0.020 0.014 0.076 0.029 0.012 0.080 -0.033 0.023 0.026 0.012 0.058 1.027 -0.017 -0.016 -0.013 -0.015
0.018 -0.002 0.001 0.071 -0.035 -0.009 -0.067 0.024 -0.013 -0.006 -0.051 0.024 0.051 0.020 0.060 -0.027 0.102 0.017 0.029 0.133 -0.013 0.032 -0.041 -0.018 0.001 -0.017 1.055 0.039 0.037 0.039
0.018 -0.002 0.001 0.071 -0.036 -0.009 -0.067 0.024 -0.013 -0.006 -0.051 0.024 0.051 0.020 0.060 -0.027 0.102 0.017 0.029 0.133 -0.013 0.032 -0.041 -0.018 0.001 -0.016 0.039 1.056 -0.119 -0.120
0.015 -0.003 0.001 0.071 -0.036 -0.005 -0.066 0.024 -0.010 -0.005 -0.050 0.024 0.050 0.020 0.055 -0.022 0.100 0.018 0.027 0.127 -0.015 0.031 -0.034 -0.014 0.007 -0.013 0.037 -0.119 1.080 0.084
0.017 -0.002 0.001 0.071 -0.036 -0.008 -0.067 0.024 -0.013 -0.006 -0.051 0.024 0.051 0.020 0.058 -0.026 0.101 0.018 0.028 0.132 -0.013 0.032 -0.039 -0.017 0.003 -0.015 0.039 -0.120 0.084 1.085
