1.000 0.012 0.011 0.012 0.012 0.009 0.011 -0.019 0.012 0.005 0.012 -0.011 0.012 0.011 -0.012 0.012 0.007 0.008 0.012 0.012 -0.000 0.012 0.005 0.008 0.008 0.009 0.012 0.012 0.007 -0.018
0.012 1.000 -0.001 -0.000 -0.000 -0.001 -0.000 -0.019 0.000 -0.004 -0.000 -0.014 -0.000 -0.000 -0.014 -0.000 -0.003 -0.003 0.000 -0.000 -0.007 0.000 -0.004 -0.002 -0.002 -0.002 0.000 0.000 -0.003 -0.018
0.011 -0.001 1.000 -0.000 -0.000 -0.000 -0.000 0.001 -0.000 -0.000 -0.000 0.000 -0.000 -0.000 0.001 -0.000 -0.000 -0.000 -0.000 -0.000 0.000 -0.000 -0.000 -0.000 -0.000 -0.000 -0.000 -0.000 -0.000 0.001
0.012 -0.000 -0.000 1.000 -0.041 -0.039 -0.041 -0.002 -0.042 -0.032 -0.042 -0.012 -0.041 -0.041 -0.011 -0.041 -0.036 -0.036 -0.042 -0.041 -0.026 -0.042 -0.033 -0.037 -0.037 -0.038 -0.042 -0.042 -0.036 -0.004
0.012 -0.000 -0.000 -0.041 1.002 0.044 0.048 -0.029 0.049 0.031 0.049 -0.008 0.049 0.047 -0.010 0.049 0.037 0.039 0.049 0.049 0.019 0.049 0.033 0.041 0.039 0.043 0.050 0.050 0.038 -0.025
0.009 -0.001 -0.000 -0.039 0.044 1.003 0.070 0.015 0.071 0.058 0.071 0.029 0.071 0.069 0.028 0.070 0.062 0.063 0.071 0.070 0.049 0.071 0.059 0.065 0.064 0.066 0.071 0.071 0.063 0.017
0.011 -0.000 -0.000 -0.041 0.048 0.070 1.008 -0.002 0.005 0.004 0.005 0.000 0.005 0.005 0.000 0.005 0.004 0.004 0.005 0.005 0.003 0.005 0.004 0.005 0.004 0.005 0.005 0.005 0.004 -0.001
-0.019 -0.019 0.001 -0.002 -0.029 0.015 -0.002 1.002 -0.018 -0.005 -0.018 0.025 -0.018 -0.017 0.026 -0.018 -0.009 -0.011 -0.019 -0.018 0.004 -0.018 -0.006 -0.012 -0.011 -0.014 -0.019 -0.019 -0.010 0.038
0.012 0.000 -0.000 -0.042 0.049 0.071 0.005 -0.018 1.009 -0.019 -0.029 0.005 -0.029 -0.028 0.007 -0.029 -0.022 -0.023 -0.030 -0.029 -0.011 -0.029 -0.020 -0.025 -0.024 -0.026 -0.030 -0.030 -0.023 0.016
0.005 -0.004 -0.000 -0.032 0.031 0.058 0.004 -0.005 -0.019 1.006 -0.038 -0.001 -0.038 -0.037 -0.000 -0.038 -0.031 -0.032 -0.039 -0.038 -0.019 -0.039 -0.028 -0.033 -0.032 -0.034 -0.039 -0.039 -0.032 0.010
0.012 -0.000 -0.000 -0.042 0.049 0.071 0.005 -0.018 -0.029 -0.038 1.012 -0.018 -0.043 -0.042 -0.017 -0.043 -0.038 -0.039 -0.043 -0.043 -0.030 -0.043 -0.036 -0.040 -0.039 -0.041 -0.044 -0.044 -0.039 -0.010
-0.011 -0.014 0.000 -0.012 -0.008 0.029 0.000 0.025 0.005 -0.001 -0.018 1.002 0.012 0.011 -0.036 0.012 0.003 0.004 0.013 0.012 -0.012 0.012 -0.001 0.006 0.004 0.007 0.013 0.013 0.004 -0.049
0.012 -0.000 -0.000 -0.041 0.049 0.071 0.005 -0.018 -0.029 -0.038 -0.043 0.012 1.016 0.053 0.071 0.053 0.056 0.056 0.053 0.053 0.062 0.053 0.058 0.055 0.056 0.055 0.052 0.052 0.056 0.076
0.011 -0.000 -0.000 -0.041 0.047 0.069 0.005 -0.017 -0.028 -0.037 -0.042 0.011 0.053 1.016 -0.001 -0.053 -0.043 -0.045 -0.054 -0.053 -0.028 -0.054 -0.040 -0.046 -0.045 -0.048 -0.054 -0.054 -0.044 0.012
-0.012 -0.014 0.001 -0.011 -0.010 0.028 0.000 0.026 0.007 -0.000 -0.017 -0.036 0.071 -0.001 1.009 0.063 0.050 0.052 0.064 0.063 0.029 0.063 0.045 0.054 0.052 0.056 0.064 0.064 0.051 -0.022
0.012 -0.000 -0.000 -0.041 0.049 0.070 0.005 -0.018 -0.029 -0.038 -0.043 0.012 0.053 -0.053 0.063 1.025 0.015 0.016 0.020 0.020 0.009 0.020 0.014 0.017 0.016 0.018 0.020 0.020 0.016 -0.007
0.007 -0.003 -0.000 -0.036 0.037 0.062 0.004 -0.009 -0.022 -0.031 -0.038 0.003 0.056 -0.043 0.050 0.015 1.018 0.011 0.018 0.017 -0.002 0.017 0.007 0.012 0.011 0.013 0.018 0.018 0.010 -0.032
0.008 -0.003 -0.000 -0.036 0.039 0.063 0.004 -0.011 -0.023 -0.032 -0.039 0.004 0.056 -0.045 0.052 0.016 0.011 1.019 0.051 0.051 0.024 0.051 0.037 0.044 0.042 0.045 0.051 0.051 0.041 -0.015
0.012 0.000 -0.000 -0.042 0.049 0.071 0.005 -0.019 -0.030 -0.039 -0.043 0.013 0.053 -0.054 0.064 0.020 0.018 0.051 1.027 -0.042 0.001 -0.043 -0.019 -0.031 -0.028 -0.033 -0.043 -0.044 -0.027 0.066
0.012 -0.000 -0.000 -0.041 0.049 0.070 0.005 -0.018 -0.029 -0.038 -0.043 0.012 0.053 -0.053 0.063 0.020 0.017 0.051 -0.042 1.031 -0.038 -0.070 -0.053 -0.061 -0.059 -0.063 -0.070 -0.071 -0.059 0.009
-0.000 -0.007 0.000 -0.026 0.019 0.049 0.003 0.004 -0.011 -0.019 -0.030 -0.012 0.062 -0.028 0.029 0.009 -0.002 0.024 0.001 -0.038 1.014 0.027 0.018 0.023 0.022 0.024 0.028 0.028 0.021 -0.015
0.012 0.000 -0.000 -0.042 0.049 0.071 0.005 -0.018 -0.029 -0.039 -0.043 0.012 0.053 -0.054 0.063 0.020 0.017 0.051 -0.043 -0.070 0.027 1.041 -0.060 -0.070 -0.068 -0.072 -0.081 -0.081 -0.067 0.016
0.005 -0.004 -0.000 -0.033 0.033 0.059 0.004 -0.006 -0.020 -0.028 -0.036 -0.001 0.058 -0.040 0.045 0.014 0.007 0.037 -0.019 -0.053 0.018 -0.060 1.032 0.112 0.108 0.114 0.127 0.127 0.107 -0.007
0.008 -0.002 -0.000 -0.037 0.041 0.065 0.005 -0.012 -0.025 -0.033 -0.040 0.006 0.055 -0.046 0.054 0.017 0.012 0.044 -0.031 -0.061 0.023 -0.070 0.112 1.048 -0.004 -0.006 -0.010 -0.010 -0.003 0.035
0.008 -0.002 -0.000 -0.037 0.039 0.064 0.004 -0.011 -0.024 -0.032 -0.039 0.004 0.056 -0.045 0.052 0.016 0.011 0.042 -0.028 -0.059 0.022 -0.068 0.108 -0.004 1.048 0.017 0.019 0.019 0.016 -0.005
0.009 -0.002 -0.000 -0.038 0.043 0.066 0.005 -0.014 -0.026 -0.034 -0.041 0.007 0.055 -0.048 0.056 0.018 0.013 0.045 -0.033 -0.063 0.024 -0.072 0.114 -0.006 0.017 1.055 0.143 0.143 0.118 -0.024
0.012 0.000 -0.000 -0.042 0.050 0.071 0.005 -0.019 -0.030 -0.039 -0.044 0.013 0.052 -0.054 0.064 0.020 0.018 0.051 -0.043 -0.070 0.028 -0.081 0.127 -0.010 0.019 0.143 1.076 -0.008 -0.009 -0.013
0.012 0.000 -0.000 -0.042 0.050 0.071 0.005 -0.019 -0.030 -0.039 -0.044 0.013 0.052 -0.054 0.064 0.020 0.018 0.051 -0.044 -0.071 0.028 -0.081 0.127 -0.010 0.019 0.143 -0.008 1.084 0.092 0.058
0.007 -0.003 -0.000 -0.036 0.038 0.063 0.004 -0.010 -0.023 -0.032 -0.039 0.004 0.056 -0.044 0.051 0.016 0.010 0.041 -0.027 -0.059 0.021 -0.067 0.107 -0.003 0.016 0.118 -0.009 0.092 1.058 -0.010
-0.018 -0.018 0.001 -0.004 -0.025 0.017 -0.001 0.038 0.016 0.010 -0.010 -0.049 0.076 0.012 -0.022 -0.007 -0.032 -0.015 0.066 0.009 -0.015 0.016 -0.007 0.035 -0.005 -0.024 -0.013 0.058 -0.010 1.028
