1.000 -0.029 -0.013 -0.011 -0.012 -0.020 -0.017 -0.011 -0.039 -0.011 -0.025 -0.016 -0.018 -0.020 -0.011 -0.011 -0.015 -0.020 -0.011 -0.023
-0.029 1.001 0.014 0.013 0.013 0.016 0.016 0.013 0.021 0.013 0.018 0.015 0.016 0.016 0.013 0.013 0.015 0.016 0.013 0.017
-0.013 0.014 1.000 0.002 0.002 0.002 0.002 0.002 0.013 0.002 0.004 0.002 0.002 0.003 0.002 0.002 0.002 0.002 0.002 0.004
-0.011 0.013 0.002 1.000 -0.014 -0.014 -0.014 -0.014 -0.013 -0.013 -0.014 -0.014 -0.014 -0.014 -0.013 -0.013 -0.014 -0.014 -0.014 -0.014
-0.012 0.013 0.002 -0.014 1.000 0.001 0.000 -0.000 0.002 -0.000 0.001 0.000 0.000 0.001 -0.000 -0.000 0.000 0.001 -0.000 0.001
-0.020 0.016 0.002 -0.014 0.001 1.001 0.003 0.002 0.006 0.002 0.004 0.003 0.004 0.003 0.002 0.002 0.003 0.004 0.002 0.004
-0.017 0.016 0.002 -0.014 0.000 0.003 1.001 -0.006 -0.012 -0.006 -0.009 -0.006 -0.008 -0.007 -0.006 -0.006 -0.006 -0.007 -0.006 -0.008
-0.011 0.013 0.002 -0.014 -0.000 0.002 -0.006 1.001 -0.008 0.003 -0.005 -0.002 -0.003 -0.004 0.003 0.003 -0.001 -0.004 0.002 -0.005
-0.039 0.021 0.013 -0.013 0.002 0.006 -0.012 -0.008 1.003 0.027 0.025 0.027 0.026 0.026 0.026 0.027 0.027 0.026 0.027 0.025
-0.011 0.013 0.002 -0.013 -0.000 0.002 -0.006 0.003 0.027 1.001 -0.001 0.000 -0.000 -0.000 -0.000 -0.000 0.000 -0.000 -0.000 -0.001
-0.025 0.018 0.004 -0.014 0.001 0.004 -0.009 -0.005 0.025 -0.001 1.002 0.013 0.014 0.013 0.016 0.016 0.014 0.013 0.016 0.013
-0.016 0.015 0.002 -0.014 0.000 0.003 -0.006 -0.002 0.027 0.000 0.013 1.002 0.007 0.007 0.007 0.006 0.006 0.007 0.007 0.007
-0.018 0.016 0.002 -0.014 0.000 0.004 -0.008 -0.003 0.026 -0.000 0.014 0.007 1.002 0.000 0.002 0.002 0.002 0.000 0.003 -0.001
-0.020 0.016 0.003 -0.014 0.001 0.003 -0.007 -0.004 0.026 -0.000 0.013 0.007 0.000 1.002 0.013 0.013 0.003 -0.006 0.011 -0.010
-0.011 0.013 0.002 -0.013 -0.000 0.002 -0.006 0.003 0.026 -0.000 0.016 0.007 0.002 0.013 1.002 -0.008 -0.006 -0.004 -0.007 -0.004
-0.011 0.013 0.002 -0.013 -0.000 0.002 -0.006 0.003 0.027 -0.000 0.016 0.006 0.002 0.013 -0.008 1.002 0.003 0.001 0.005 -0.001
-0.015 0.015 0.002 -0.014 0.000 0.003 -0.006 -0.001 0.027 0.000 0.014 0.006 0.002 0.003 -0.006 0.003 1.002 0.002 -0.002 0.004
-0.020 0.016 0.002 -0.014 0.001 0.004 -0.007 -0.004 0.026 -0.000 0.013 0.007 0.000 -0.006 -0.004 0.001 0.002 1.002 0.039 0.024
-0.011 0.013 0.002 -0.014 -0.000 0.002 -0.006 0.002 0.027 -0.000 0.016 0.007 0.003 0.011 -0.007 0.005 -0.002 0.039 1.003 0.166
-0.023 0.017 0.004 -0.014 0.001 0.004 -0.008 -0.005 0.025 -0.001 0.013 0.007 -0.001 -0.010 -0.004 -0.001 0.004 0.024 0.166 1.029
