1.000 0.001 -0.000 -0.001 0.000 -0.002 -0.002 0.003 0.003 0.003 -0.001 -0.002 -0.002 -0.002 -0.002 0.001 -0.002 -0.000 -0.002 -0.000
0.001 1.000 -0.005 -0.006 -0.005 -0.007 -0.006 -0.004 -0.004 -0.003 -0.006 -0.006 -0.006 -0.006 -0.006 -0.005 -0.006 -0.005 -0.007 -0.005
-0.000 -0.005 1.000 -0.006 -0.006 -0.006 -0.006 -0.007 -0.007 -0.008 -0.005 -0.005 -0.005 -0.005 -0.005 -0.006 -0.006 -0.006 -0.006 -0.006
-0.001 -0.006 -0.006 1.000 0.006 -0.001 -0.001 0.009 0.009 0.011 0.003 -0.001 -0.000 -0.001 0.001 0.006 -0.000 0.005 -0.001 0.005
0.000 -0.005 -0.006 0.006 1.000 -0.003 -0.003 0.000 0.000 0.001 -0.002 -0.003 -0.003 -0.003 -0.002 -0.001 -0.003 -0.001 -0.003 -0.001
-0.002 -0.007 -0.006 -0.001 -0.003 1.000 0.002 0.005 0.005 0.005 0.003 0.002 0.002 0.002 0.002 0.004 0.002 0.003 0.002 0.003
-0.002 -0.006 -0.006 -0.001 -0.003 0.002 1.000 0.001 0.001 0.001 0.001 0.001 0.001 0.001 0.001 0.001 0.001 0.001 0.001 0.001
0.003 -0.004 -0.007 0.009 0.000 0.005 0.001 1.000 -0.005 -0.006 0.004 0.007 0.006 0.007 0.005 -0.000 0.007 0.001 0.007 0.002
0.003 -0.004 -0.007 0.009 0.000 0.005 0.001 -0.005 1.000 -0.017 -0.007 -0.006 -0.006 -0.005 -0.006 -0.011 -0.005 -0.009 -0.005 -0.008
0.003 -0.003 -0.008 0.011 0.001 0.005 0.001 -0.006 -0.017 1.001 0.001 -0.009 -0.007 -0.009 -0.003 0.010 -0.008 0.007 -0.009 0.006
-0.001 -0.006 -0.005 0.003 -0.002 0.003 0.001 0.004 -0.007 0.001 1.000 -0.018 -0.018 -0.018 -0.017 -0.016 -0.018 -0.017 -0.018 -0.017
-0.002 -0.006 -0.005 -0.001 -0.003 0.002 0.001 0.007 -0.006 -0.009 -0.018 1.001 -0.027 -0.025 -0.033 -0.056 -0.025 -0.050 -0.024 -0.048
-0.002 -0.006 -0.005 -0.000 -0.003 0.002 0.001 0.006 -0.006 -0.007 -0.018 -0.027 1.001 0.012 0.011 0.008 0.012 0.009 0.012 0.009
-0.002 -0.006 -0.005 -0.001 -0.003 0.002 0.001 0.007 -0.005 -0.009 -0.018 -0.025 0.012 1.001 0.020 0.022 0.017 0.022 0.016 0.022
-0.002 -0.006 -0.005 0.001 -0.002 0.002 0.001 0.005 -0.006 -0.003 -0.017 -0.033 0.011 0.020 1.002 0.012 0.009 0.011 0.009 0.011
0.001 -0.005 -0.006 0.006 -0.001 0.004 0.001 -0.000 -0.011 0.010 -0.016 -0.056 0.008 0.022 0.012 1.004 0.007 0.008 0.008 0.008
-0.002 -0.006 -0.006 -0.000 -0.003 0.002 0.001 0.007 -0.005 -0.008 -0.018 -0.025 0.012 0.017 0.009 0.007 1.002 0.013 0.010 0.012
-0.000 -0.005 -0.006 0.005 -0.001 0.003 0.001 0.001 -0.009 0.007 -0.017 -0.050 0.009 0.022 0.011 0.008 0.013 1.004 0.013 0.023
-0.002 -0.007 -0.006 -0.001 -0.003 0.002 0.001 0.007 -0.005 -0.009 -0.018 -0.024 0.012 0.016 0.009 0.008 0.010 0.013 1.002 0.038
-0.000 -0.005 -0.006 0.005 -0.001 0.003 0.001 0.002 -0.008 0.006 -0.017 -0.048 0.009 0.022 0.011 0.008 0.012 0.023 0.038 1.005
