1.000 -0.086 -0.232 -0.213 -0.421 -0.204 -0.238 -0.225 -0.355 -0.206 -0.181 -0.160 -0.191 -0.217 -0.195 -0.187 -0.196 -0.124 -0.359 -0.154
-0.086 1.007 0.026 0.043 0.081 0.024 0.036 0.022 0.069 0.039 0.024 0.075 0.058 0.023 0.025 0.045 0.024 0.041 0.057 0.021
-0.232 0.026 1.054 0.044 0.090 0.041 0.049 0.046 0.075 0.043 0.036 0.034 0.040 0.044 0.040 0.039 0.040 0.025 0.076 0.031
-0.213 0.043 0.044 1.046 0.087 0.034 0.044 0.038 0.072 0.038 0.030 0.034 0.039 0.037 0.034 0.036 0.033 0.023 0.071 0.025
-0.421 0.081 0.090 0.087 1.179 0.069 0.071 0.076 0.104 0.064 0.062 0.084 0.064 0.073 0.065 0.058 0.066 0.038 0.106 0.054
-0.204 0.024 0.041 0.034 0.069 1.042 0.048 0.043 0.073 0.042 0.035 0.041 0.043 0.042 0.038 0.040 0.038 0.028 0.073 0.030
-0.238 0.036 0.049 0.044 0.071 0.048 1.058 0.135 0.166 0.136 0.128 0.147 0.141 0.134 0.131 0.135 0.131 0.123 0.166 0.123
-0.225 0.022 0.046 0.038 0.076 0.043 0.135 1.058 0.087 0.054 0.047 0.053 0.055 0.054 0.050 0.052 0.050 0.038 0.087 0.041
-0.355 0.069 0.075 0.072 0.104 0.073 0.166 0.087 1.136 0.132 0.121 0.135 0.136 0.128 0.125 0.131 0.125 0.116 0.175 0.115
-0.206 0.039 0.043 0.038 0.064 0.042 0.136 0.054 0.132 1.054 0.058 0.055 0.058 0.065 0.061 0.058 0.061 0.047 0.088 0.054
-0.181 0.024 0.036 0.030 0.062 0.035 0.128 0.047 0.121 0.058 1.043 -0.044 -0.043 -0.032 -0.037 -0.043 -0.036 -0.053 -0.018 -0.042
-0.160 0.075 0.034 0.034 0.084 0.041 0.147 0.053 0.135 0.055 -0.044 1.054 -0.004 -0.028 -0.029 -0.016 -0.029 -0.026 0.011 -0.035
-0.191 0.058 0.040 0.039 0.064 0.043 0.141 0.055 0.136 0.058 -0.043 -0.004 1.062 0.019 0.016 0.020 0.016 0.009 0.051 0.010
-0.217 0.023 0.044 0.037 0.073 0.042 0.134 0.054 0.128 0.065 -0.032 -0.028 0.019 1.071 0.151 0.137 0.151 0.129 0.160 0.144
-0.195 0.025 0.040 0.034 0.065 0.038 0.131 0.050 0.125 0.061 -0.037 -0.029 0.016 0.151 1.070 0.051 0.048 0.039 0.084 0.040
-0.187 0.045 0.039 0.036 0.058 0.040 0.135 0.052 0.131 0.058 -0.043 -0.016 0.020 0.137 0.051 1.067 0.029 0.026 0.070 0.021
-0.196 0.024 0.040 0.033 0.066 0.038 0.131 0.050 0.125 0.061 -0.036 -0.029 0.016 0.151 0.048 0.029 1.073 0.069 0.111 0.068
-0.124 0.041 0.025 0.023 0.038 0.028 0.123 0.038 0.116 0.047 -0.053 -0.026 0.009 0.129 0.039 0.026 0.069 1.050 0.145 -0.001
-0.359 0.057 0.076 0.071 0.106 0.073 0.166 0.087 0.175 0.088 -0.018 0.011 0.051 0.160 0.084 0.070 0.111 0.145 1.164 0.173
-0.154 0.021 0.031 0.025 0.054 0.030 0.123 0.041 0.115 0.054 -0.042 -0.035 0.010 0.144 0.040 0.021 0.068 -0.001 0.173 1.070
