1.000 0.004 0.003 0.003 -0.000 0.002 0.003 0.003 0.003 0.002 0.004 0.002 0.002 0.001 0.004 0.003 0.003 0.001 0.003 0.001 0.002 0.003 0.001 0.003 0.003 0.002 0.003 0.001 0.004 0.001
0.004 1.000 0.031 0.046 0.058 0.067 0.012 0.046 0.047 0.043 0.025 -0.002 -0.051 -0.061 -0.007 -0.009 0.065 -0.017 0.023 0.080 -0.013 -0.029 -0.012 0.032 0.027 0.044 0.051 -0.006 -0.000 -0.071
0.003 0.031 1.001 -0.001 -0.001 -0.000 -0.002 -0.001 -0.001 -0.001 -0.001 -0.003 -0.004 -0.005 -0.002 -0.002 -0.000 -0.003 -0.002 -0.000 -0.003 -0.003 -0.003 -0.001 -0.002 -0.001 -0.001 -0.003 -0.002 -0.005
0.003 0.046 -0.001 1.002 -0.001 0.000 -0.002 -0.000 -0.000 -0.000 -0.001 -0.002 -0.005 -0.005 -0.002 -0.002 0.001 -0.003 -0.001 0.001 -0.003 -0.003 -0.003 -0.001 -0.001 -0.001 -0.000 -0.003 -0.002 -0.006
-0.000 0.058 -0.001 -0.001 1.003 0.013 0.011 0.012 0.013 0.013 0.011 0.010 0.007 0.004 0.009 0.009 0.014 0.008 0.011 0.014 0.009 0.008 0.008 0.012 0.012 0.013 0.013 0.007 0.010 0.003
0.002 0.067 -0.000 0.000 0.013 1.005 0.005 0.006 0.006 0.009 0.005 0.006 0.004 0.003 0.002 0.003 0.008 0.006 0.006 0.012 0.006 0.003 0.006 0.005 0.007 0.009 0.009 0.007 0.003 0.002
0.003 0.012 -0.002 -0.002 0.011 0.005 1.000 -0.003 -0.003 -0.004 -0.003 -0.004 -0.005 -0.005 -0.003 -0.003 -0.003 -0.005 -0.003 -0.004 -0.004 -0.004 -0.005 -0.003 -0.004 -0.004 -0.003 -0.005 -0.003 -0.005
0.003 0.046 -0.001 -0.000 0.012 0.006 -0.003 1.002 0.003 0.002 0.002 0.000 -0.002 -0.004 0.001 0.001 0.004 -0.002 0.002 0.003 -0.001 -0.000 -0.001 0.003 0.002 0.002 0.003 -0.002 0.001 -0.005
0.003 0.047 -0.001 -0.000 0.013 0.006 -0.003 0.003 1.002 0.034 0.032 0.032 0.030 0.029 0.030 0.031 0.034 0.032 0.032 0.036 0.032 0.030 0.032 0.032 0.033 0.034 0.034 0.032 0.031 0.029
0.002 0.043 -0.001 -0.000 0.013 0.009 -0.004 0.002 0.034 1.003 0.010 0.007 0.004 0.003 0.008 0.008 0.011 0.005 0.009 0.009 0.006 0.006 0.005 0.010 0.009 0.009 0.010 0.004 0.009 0.002
0.004 0.025 -0.001 -0.001 0.011 0.005 -0.003 0.002 0.032 0.010 1.002 0.035 0.036 0.039 0.031 0.032 0.034 0.039 0.034 0.041 0.037 0.033 0.039 0.032 0.035 0.037 0.036 0.042 0.031 0.040
0.002 -0.002 -0.003 -0.002 0.010 0.006 -0.004 0.000 0.032 0.007 0.035 1.002 0.007 0.005 0.011 0.011 0.011 0.006 0.010 0.007 0.007 0.009 0.006 0.011 0.009 0.008 0.009 0.004 0.011 0.004
0.002 -0.051 -0.004 -0.005 0.007 0.004 -0.005 -0.002 0.030 0.004 0.036 0.007 1.005 0.009 -0.001 0.000 -0.004 0.006 -0.001 0.000 0.005 0.003 0.006 -0.003 0.000 0.001 -0.001 0.007 -0.001 0.010
0.001 -0.061 -0.005 -0.005 0.004 0.003 -0.005 -0.004 0.029 0.003 0.039 0.005 0.009 1.007 0.000 -0.001 -0.005 -0.017 -0.004 -0.021 -0.012 -0.003 -0.015 -0.002 -0.006 -0.012 -0.008 -0.023 -0.000 -0.020
0.004 -0.007 -0.002 -0.002 0.009 0.002 -0.003 0.001 0.030 0.008 0.031 0.011 -0.001 0.000 1.002 -0.004 -0.004 -0.016 -0.005 -0.015 -0.012 -0.006 -0.014 -0.004 -0.006 -0.010 -0.007 -0.019 -0.003 -0.020
0.003 -0.009 -0.002 -0.002 0.009 0.003 -0.003 0.001 0.031 0.008 0.032 0.011 0.000 -0.001 -0.004 1.002 0.013 0.015 0.013 0.013 0.015 0.014 0.015 0.013 0.014 0.014 0.013 0.014 0.013 0.015
0.003 0.065 -0.000 0.001 0.014 0.008 -0.003 0.004 0.034 0.011 0.034 0.011 -0.004 -0.005 -0.004 0.013 1.007 -0.001 0.001 0.004 -0.001 -0.002 -0.001 0.002 0.001 0.002 0.003 -0.001 -0.000 -0.005
0.001 -0.017 -0.003 -0.003 0.008 0.006 -0.005 -0.002 0.032 0.005 0.039 0.006 0.006 -0.017 -0.016 0.015 -0.001 1.004 -0.015 -0.015 -0.014 -0.014 -0.013 -0.015 -0.015 -0.015 -0.015 -0.013 -0.015 -0.012
0.003 0.023 -0.002 -0.001 0.011 0.006 -0.003 0.002 0.032 0.009 0.034 0.010 -0.001 -0.004 -0.005 0.013 0.001 -0.015 1.003 -0.016 -0.017 -0.016 -0.018 -0.013 -0.014 -0.015 -0.014 -0.019 -0.014 -0.020
0.001 0.080 -0.000 0.001 0.014 0.012 -0.004 0.003 0.036 0.009 0.041 0.007 0.000 -0.021 -0.015 0.013 0.004 -0.015 -0.016 1.011 -0.016 -0.019 -0.016 -0.015 -0.015 -0.012 -0.012 -0.014 -0.017 -0.019
0.002 -0.013 -0.003 -0.003 0.009 0.006 -0.004 -0.001 0.032 0.006 0.037 0.007 0.005 -0.012 -0.012 0.015 -0.001 -0.014 -0.017 -0.016 1.004 0.005 0.007 0.002 0.004 0.005 0.004 0.008 0.002 0.009
0.003 -0.029 -0.003 -0.003 0.008 0.003 -0.004 -0.000 0.030 0.006 0.033 0.009 0.003 -0.003 -0.006 0.014 -0.002 -0.014 -0.016 -0.019 0.005 1.004 0.014 0.014 0.014 0.013 0.013 0.013 0.015 0.015
0.001 -0.012 -0.003 -0.003 0.008 0.006 -0.005 -0.001 0.032 0.005 0.039 0.006 0.006 -0.015 -0.014 0.015 -0.001 -0.013 -0.018 -0.016 0.007 0.014 1.005 -0.006 -0.006 -0.006 -0.006 -0.004 -0.005 -0.004
0.003 0.032 -0.001 -0.001 0.012 0.005 -0.003 0.003 0.032 0.010 0.032 0.011 -0.003 -0.002 -0.004 0.013 0.002 -0.015 -0.013 -0.015 0.002 0.014 -0.006 1.005 0.007 0.008 0.008 0.007 0.006 0.006
0.003 0.027 -0.002 -0.001 0.012 0.007 -0.004 0.002 0.033 0.009 0.035 0.009 0.000 -0.006 -0.006 0.014 0.001 -0.015 -0.014 -0.015 0.004 0.014 -0.006 0.007 1.005 0.134 0.131 0.143 0.121 0.140
0.002 0.044 -0.001 -0.001 0.013 0.009 -0.004 0.002 0.034 0.009 0.037 0.008 0.001 -0.012 -0.010 0.014 0.002 -0.015 -0.015 -0.012 0.005 0.013 -0.006 0.008 0.134 1.023 0.005 0.014 0.000 0.011
0.003 0.051 -0.001 -0.000 0.013 0.009 -0.003 0.003 0.034 0.010 0.036 0.009 -0.001 -0.008 -0.007 0.013 0.003 -0.015 -0.014 -0.012 0.004 0.013 -0.006 0.008 0.131 0.005 1.022 -0.002 -0.004 -0.005
0.001 -0.006 -0.003 -0.003 0.007 0.007 -0.005 -0.002 0.032 0.004 0.042 0.004 0.007 -0.023 -0.019 0.014 -0.001 -0.013 -0.019 -0.014 0.008 0.013 -0.004 0.007 0.143 0.014 -0.002 1.025 0.049 0.088
0.004 -0.000 -0.002 -0.002 0.010 0.003 -0.003 0.001 0.031 0.009 0.031 0.011 -0.001 -0.000 -0.003 0.013 -0.000 -0.015 -0.014 -0.017 0.002 0.015 -0.005 0.006 0.121 0.000 -0.004 0.049 1.019 0.125
0.001 -0.071 -0.005 -0.006 0.003 0.002 -0.005 -0.005 0.029 0.002 0.040 0.004 0.010 -0.020 -0.020 0.015 -0.005 -0.012 -0.020 -0.019 0.009 0.015 -0.004 0.006 0.140 0.011 -0.005 0.088 0.125 1.044
