1.000 -0.000 -0.003 -0.004 0.010 -0.001 0.005 0.004 0.006 -0.000
-0.000 1.000 0.030 0.024 0.049 0.034 0.010 0.011 0.010 0.016
-0.003 0.030 1.001 -0.012 0.002 -0.008 -0.019 -0.019 -0.020 -0.017
-0.004 0.024 -0.012 1.001 -0.176 -0.142 -0.096 -0.096 -0.096 -0.106
0.010 0.049 0.002 -0.176 1.034 0.134 0.105 0.107 0.105 0.112
-0.001 0.034 -0.008 -0.142 0.134 1.033 0.043 0.040 0.044 0.036
0.005 0.010 -0.019 -0.096 0.105 0.043 1.018 0.022 0.022 0.025
0.004 0.011 -0.019 -0.096 0.107 0.040 0.022 1.018 0.046 0.045
0.006 0.010 -0.020 -0.096 0.105 0.044 0.022 0.046 1.019 -0.137
-0.000 0.016 -0.017 -0.106 0.112 0.036 0.025 0.045 -0.137 1.046
