1.000 -0.052 -0.011 -0.021 -0.011 -0.011 -0.012 -0.016 -0.059 -0.011 -0.011 -0.015 -0.014 -0.035 -0.011 -0.012 -0.018 -0.011 -0.015 -0.011
-0.052 1.003 0.008 0.012 0.008 0.008 0.008 0.010 0.035 0.008 0.008 0.009 0.008 0.021 0.008 0.008 0.010 0.008 0.009 0.008
-0.011 0.008 1.000 -0.001 -0.000 -0.000 -0.000 -0.000 -0.002 -0.000 -0.000 -0.000 -0.000 -0.001 -0.000 -0.000 -0.000 -0.000 -0.000 -0.000
-0.021 0.012 -0.001 1.001 0.008 0.008 0.008 0.008 0.008 0.008 0.008 0.008 0.008 0.009 0.008 0.008 0.008 0.008 0.008 0.008
-0.011 0.008 -0.000 0.008 1.000 -0.001 -0.001 -0.001 -0.000 -0.001 -0.001 -0.001 -0.001 -0.001 -0.001 -0.001 -0.001 -0.001 -0.001 -0.001
-0.011 0.008 -0.000 0.008 -0.001 1.000 -0.002 -0.002 -0.009 -0.002 -0.002 -0.002 -0.002 -0.005 -0.002 -0.002 -0.003 -0.002 -0.002 -0.002
-0.012 0.008 -0.000 0.008 -0.001 -0.002 1.000 0.020 0.039 0.021 0.021 0.020 0.020 0.028 0.021 0.021 0.021 0.021 0.020 0.022
-0.016 0.010 -0.000 0.008 -0.001 -0.002 0.020 1.001 -0.026 -0.013 -0.013 -0.014 -0.014 -0.021 -0.013 -0.013 -0.015 -0.013 -0.014 -0.013
-0.059 0.035 -0.002 0.008 -0.000 -0.009 0.039 -0.026 1.007 0.003 0.003 0.005 0.005 0.015 0.004 0.004 0.007 0.003 0.005 0.003
-0.011 0.008 -0.000 0.008 -0.001 -0.002 0.021 -0.013 0.003 1.001 -0.002 -0.003 -0.003 -0.006 -0.002 -0.003 -0.004 -0.002 -0.003 -0.002
-0.011 0.008 -0.000 0.008 -0.001 -0.002 0.021 -0.013 0.003 -0.002 1.001 0.001 0.001 0.003 0.001 0.001 0.002 0.001 0.002 0.001
-0.015 0.009 -0.000 0.008 -0.001 -0.002 0.020 -0.014 0.005 -0.003 0.001 1.001 -0.041 -0.064 -0.036 -0.038 -0.046 -0.036 -0.042 -0.035
-0.014 0.008 -0.000 0.008 -0.001 -0.002 0.020 -0.014 0.005 -0.003 0.001 -0.041 1.003 0.001 -0.000 -0.001 -0.001 -0.000 -0.001 -0.000
-0.035 0.021 -0.001 0.009 -0.001 -0.005 0.028 -0.021 0.015 -0.006 0.003 -0.064 0.001 1.007 0.019 0.021 0.036 0.018 0.027 0.018
-0.011 0.008 -0.000 0.008 -0.001 -0.002 0.021 -0.013 0.004 -0.002 0.001 -0.036 -0.000 0.019 1.002 0.001 0.001 0.001 0.001 0.001
-0.012 0.008 -0.000 0.008 -0.001 -0.002 0.021 -0.013 0.004 -0.003 0.001 -0.038 -0.001 0.021 0.001 1.003 -0.002 0.000 -0.001 0.000
-0.018 0.010 -0.000 0.008 -0.001 -0.003 0.021 -0.015 0.007 -0.004 0.002 -0.046 -0.001 0.036 0.001 -0.002 1.004 -0.010 -0.005 -0.010
-0.011 0.008 -0.000 0.008 -0.001 -0.002 0.021 -0.013 0.003 -0.002 0.001 -0.036 -0.000 0.018 0.001 0.000 -0.010 1.003 0.001 0.002
-0.015 0.009 -0.000 0.008 -0.001 -0.002 0.020 -0.014 0.005 -0.003 0.002 -0.042 -0.001 0.027 0.001 -0.001 -0.005 0.001 1.003 -0.031
-0.011 0.008 -0.000 0.008 -0.001 -0.002 0.022 -0.013 0.003 -0.002 0.001 -0.035 -0.000 0.018 0.001 0.000 -0.010 0.002 -0.031 1.004
