1.000 -1.062 -1.047 -1.104 -1.019 -1.102 -1.111 -1.196 -1.064 -1.045 -1.094 -1.064 -1.067 -1.019 -1.114 -1.089 -1.072 -1.133 -1.069 -1.138 -1.074 -1.155 -1.101 -1.059 -1.064 -1.107 -1.056 -1.045 -1.124 -1.096 -1.089 -1.045 -1.081 -1.052 -1.108 -1.056 -1.091 -0.917 -1.082 -1.056 -1.030 -1.063 -1.120 -1.162 -1.038 -0.981 -1.101 -1.037 -1.067 -1.092
-1.062 2.127 1.109 1.170 1.080 1.167 1.177 1.267 1.126 1.107 1.158 1.127 1.130 1.081 1.180 1.153 1.135 1.200 1.133 1.206 1.138 1.222 1.167 1.122 1.127 1.173 1.117 1.107 1.190 1.161 1.153 1.106 1.145 1.114 1.174 1.118 1.156 0.968 1.145 1.119 1.093 1.126 1.186 1.231 1.101 1.039 1.166 1.098 1.130 1.156
-1.047 1.109 2.096 1.152 1.062 1.149 1.159 1.247 1.109 1.090 1.141 1.109 1.112 1.062 1.162 1.135 1.118 1.181 1.113 1.185 1.119 1.205 1.147 1.103 1.108 1.154 1.101 1.088 1.172 1.142 1.135 1.089 1.127 1.097 1.155 1.100 1.138 0.959 1.128 1.101 1.074 1.108 1.167 1.212 1.081 1.021 1.148 1.081 1.111 1.138
-1.104 1.170 1.152 2.220 1.118 1.212 1.223 1.315 1.170 1.150 1.204 1.171 1.174 1.120 1.226 1.198 1.180 1.246 1.175 1.250 1.182 1.266 1.208 1.163 1.170 1.215 1.161 1.149 1.237 1.204 1.198 1.149 1.190 1.157 1.217 1.161 1.201 1.003 1.190 1.162 1.131 1.170 1.232 1.279 1.141 1.078 1.211 1.141 1.173 1.201
-1.019 1.080 1.062 1.118 2.037 1.118 1.127 1.214 1.080 1.061 1.110 1.080 1.084 1.036 1.131 1.105 1.089 1.151 1.085 1.155 1.091 1.171 1.120 1.076 1.081 1.125 1.072 1.062 1.140 1.114 1.105 1.061 1.098 1.068 1.126 1.073 1.107 0.928 1.098 1.073 1.047 1.080 1.137 1.178 1.055 0.997 1.117 1.054 1.084 1.108
-1.102 1.167 1.149 1.212 1.118 2.214 1.223 1.316 1.171 1.151 1.204 1.171 1.175 1.123 1.226 1.198 1.180 1.247 1.177 1.252 1.183 1.272 1.214 1.166 1.172 1.220 1.162 1.151 1.237 1.207 1.198 1.150 1.190 1.158 1.220 1.163 1.201 1.012 1.190 1.163 1.135 1.171 1.232 1.278 1.144 1.081 1.212 1.142 1.175 1.201
-1.111 1.177 1.159 1.223 1.127 1.223 2.235 1.328 1.183 1.162 1.216 1.183 1.186 1.133 1.239 1.211 1.192 1.259 1.188 1.264 1.194 1.284 1.225 1.177 1.183 1.232 1.174 1.162 1.249 1.219 1.210 1.162 1.202 1.170 1.231 1.174 1.213 1.022 1.202 1.174 1.146 1.182 1.244 1.291 1.155 1.091 1.224 1.153 1.186 1.213
-1.196 1.267 1.247 1.315 1.214 1.316 1.328 2.430 1.269 1.247 1.304 1.269 1.271 1.213 1.328 1.298 1.279 1.350 1.272 1.353 1.280 1.367 1.308 1.258 1.267 1.314 1.259 1.245 1.339 1.303 1.298 1.246 1.289 1.255 1.318 1.259 1.301 1.081 1.289 1.259 1.223 1.268 1.334 1.384 1.235 1.169 1.313 1.236 1.271 1.301
-1.064 1.126 1.109 1.170 1.080 1.171 1.183 1.269 2.132 1.113 1.165 1.133 1.136 1.086 1.186 1.159 1.142 1.207 1.138 1.211 1.144 1.230 1.174 1.128 1.133 1.180 1.124 1.113 1.196 1.168 1.159 1.113 1.151 1.121 1.180 1.125 1.162 0.979 1.151 1.125 1.098 1.132 1.192 1.236 1.106 1.045 1.172 1.105 1.136 1.162
-1.045 1.107 1.090 1.150 1.061 1.151 1.162 1.247 1.113 2.093 1.147 1.116 1.118 1.067 1.168 1.142 1.125 1.187 1.119 1.190 1.126 1.199 1.150 1.107 1.114 1.154 1.107 1.095 1.178 1.146 1.142 1.096 1.134 1.104 1.158 1.107 1.144 0.945 1.134 1.108 1.075 1.115 1.173 1.217 1.087 1.029 1.154 1.087 1.118 1.144
-1.094 1.158 1.141 1.204 1.110 1.204 1.216 1.304 1.165 1.147 2.197 1.164 1.169 1.118 1.219 1.191 1.173 1.241 1.171 1.247 1.176 1.268 1.210 1.162 1.166 1.217 1.155 1.144 1.229 1.203 1.191 1.143 1.183 1.151 1.215 1.156 1.193 1.007 1.183 1.156 1.132 1.164 1.225 1.270 1.139 1.075 1.204 1.135 1.168 1.194
-1.064 1.127 1.109 1.171 1.080 1.171 1.183 1.269 1.133 1.116 1.164 2.132 1.137 1.087 1.187 1.160 1.143 1.207 1.139 1.213 1.145 1.245 1.180 1.131 1.134 1.189 1.125 1.114 1.197 1.171 1.160 1.113 1.152 1.121 1.183 1.125 1.162 1.002 1.152 1.126 1.104 1.133 1.193 1.237 1.108 1.046 1.173 1.105 1.137 1.163
-1.067 1.130 1.112 1.174 1.084 1.175 1.186 1.271 1.136 1.118 1.169 1.137 2.139 1.110 1.206 1.179 1.161 1.230 1.162 1.237 1.167 1.260 1.202 1.154 1.157 1.209 1.143 1.136 1.216 1.194 1.179 1.133 1.172 1.140 1.206 1.147 1.181 1.007 1.171 1.147 1.125 1.154 1.214 1.257 1.131 1.068 1.192 1.126 1.158 1.182
-1.019 1.081 1.062 1.120 1.036 1.123 1.133 1.213 1.086 1.067 1.118 1.087 1.110 2.040 1.137 1.112 1.095 1.147 1.075 1.135 1.089 1.075 1.069 1.045 1.070 1.060 1.078 1.057 1.147 1.083 1.112 1.065 1.103 1.074 1.099 1.071 1.114 0.789 1.104 1.073 0.999 1.082 1.137 1.185 1.034 0.992 1.124 1.053 1.082 1.114
-1.114 1.180 1.162 1.226 1.131 1.226 1.239 1.328 1.186 1.168 1.219 1.187 1.206 1.137 2.242 1.209 1.191 1.261 1.188 1.266 1.194 1.288 1.226 1.178 1.183 1.234 1.172 1.162 1.248 1.220 1.209 1.161 1.201 1.168 1.234 1.174 1.212 1.023 1.201 1.174 1.147 1.182 1.245 1.290 1.155 1.090 1.223 1.153 1.186 1.212
-1.089 1.153 1.135 1.198 1.105 1.198 1.211 1.298 1.159 1.142 1.191 1.160 1.179 1.112 1.209 2.186 1.165 1.232 1.161 1.237 1.167 1.259 1.199 1.152 1.156 1.206 1.147 1.135 1.221 1.193 1.183 1.135 1.175 1.143 1.206 1.148 1.186 1.000 1.175 1.148 1.121 1.155 1.217 1.263 1.129 1.066 1.196 1.127 1.159 1.186
-1.072 1.135 1.118 1.180 1.089 1.180 1.192 1.279 1.142 1.125 1.173 1.143 1.161 1.095 1.191 1.165 2.151 1.217 1.148 1.222 1.154 1.242 1.183 1.137 1.142 1.190 1.133 1.122 1.206 1.178 1.169 1.122 1.161 1.129 1.191 1.134 1.171 0.987 1.161 1.134 1.107 1.142 1.202 1.247 1.115 1.053 1.182 1.113 1.145 1.172
-1.133 1.200 1.181 1.246 1.151 1.247 1.259 1.350 1.207 1.187 1.241 1.207 1.230 1.147 1.261 1.232 1.217 2.285 1.215 1.295 1.221 1.337 1.259 1.207 1.210 1.271 1.201 1.188 1.279 1.250 1.239 1.188 1.230 1.197 1.263 1.200 1.241 1.080 1.230 1.201 1.178 1.209 1.273 1.322 1.181 1.114 1.253 1.179 1.212 1.242
-1.069 1.133 1.113 1.175 1.085 1.177 1.188 1.272 1.138 1.119 1.171 1.139 1.162 1.075 1.188 1.161 1.148 1.215 2.143 1.241 1.158 1.274 1.207 1.157 1.153 1.216 1.131 1.128 1.206 1.197 1.167 1.121 1.161 1.127 1.211 1.138 1.170 1.010 1.159 1.137 1.128 1.143 1.207 1.248 1.128 1.057 1.181 1.116 1.150 1.171
-1.138 1.206 1.185 1.250 1.155 1.252 1.264 1.353 1.211 1.190 1.247 1.213 1.237 1.135 1.266 1.237 1.222 1.295 1.241 2.296 1.207 1.290 1.224 1.179 1.191 1.232 1.192 1.172 1.270 1.224 1.229 1.177 1.220 1.187 1.240 1.187 1.232 1.019 1.221 1.188 1.144 1.197 1.262 1.313 1.158 1.098 1.244 1.166 1.199 1.233
-1.074 1.138 1.119 1.182 1.091 1.183 1.194 1.280 1.144 1.126 1.176 1.145 1.167 1.089 1.194 1.167 1.154 1.221 1.158 1.207 2.155 1.257 1.191 1.144 1.147 1.200 1.136 1.125 1.211 1.185 1.172 1.124 1.164 1.132 1.199 1.137 1.175 0.997 1.164 1.137 1.113 1.145 1.207 1.253 1.119 1.054 1.186 1.116 1.149 1.175
-1.155 1.222 1.205 1.266 1.171 1.272 1.284 1.367 1.230 1.199 1.268 1.245 1.260 1.075 1.288 1.259 1.242 1.337 1.274 1.290 1.257 2.349 1.281 1.232 1.233 1.288 1.215 1.208 1.295 1.274 1.254 1.203 1.246 1.211 1.289 1.219 1.256 1.054 1.245 1.219 1.199 1.226 1.293 1.340 1.205 1.132 1.268 1.196 1.232 1.257
-1.101 1.167 1.147 1.208 1.120 1.214 1.225 1.308 1.174 1.150 1.210 1.180 1.202 1.069 1.226 1.199 1.183 1.259 1.207 1.224 1.191 1.281 2.219 1.162 1.166 1.218 1.155 1.145 1.230 1.203 1.192 1.144 1.184 1.152 1.216 1.157 1.194 1.015 1.184 1.157 1.132 1.165 1.227 1.272 1.139 1.074 1.205 1.136 1.169 1.195
-1.059 1.122 1.103 1.163 1.076 1.166 1.177 1.258 1.128 1.107 1.162 1.131 1.154 1.045 1.178 1.152 1.137 1.207 1.157 1.179 1.144 1.232 1.162 2.125 1.136 1.162 1.133 1.119 1.203 1.163 1.167 1.122 1.159 1.129 1.176 1.132 1.170 0.934 1.160 1.132 1.088 1.140 1.198 1.242 1.106 1.053 1.180 1.112 1.142 1.170
-1.064 1.127 1.108 1.170 1.081 1.172 1.183 1.267 1.133 1.114 1.166 1.134 1.157 1.070 1.183 1.156 1.142 1.210 1.153 1.191 1.147 1.233 1.166 1.136 2.134 1.222 1.112 1.106 1.184 1.181 1.147 1.101 1.140 1.108 1.192 1.116 1.149 1.091 1.139 1.116 1.122 1.122 1.183 1.225 1.109 1.037 1.160 1.096 1.128 1.150
-1.107 1.173 1.154 1.215 1.125 1.220 1.232 1.314 1.180 1.154 1.217 1.189 1.209 1.060 1.234 1.206 1.190 1.271 1.216 1.232 1.200 1.288 1.218 1.162 1.222 2.236 1.178 1.166 1.252 1.226 1.214 1.166 1.206 1.174 1.238 1.178 1.216 1.084 1.206 1.179 1.159 1.186 1.247 1.293 1.160 1.097 1.227 1.158 1.190 1.217
-1.056 1.117 1.101 1.161 1.072 1.162 1.174 1.259 1.124 1.107 1.155 1.125 1.143 1.078 1.172 1.147 1.133 1.201 1.131 1.192 1.136 1.215 1.155 1.133 1.112 1.178 2.116 1.102 1.187 1.151 1.150 1.103 1.142 1.112 1.164 1.114 1.153 0.956 1.143 1.115 1.081 1.122 1.181 1.226 1.092 1.035 1.163 1.094 1.125 1.153
-1.045 1.107 1.088 1.149 1.062 1.151 1.162 1.245 1.113 1.095 1.144 1.114 1.136 1.057 1.162 1.135 1.122 1.188 1.128 1.172 1.125 1.208 1.145 1.119 1.106 1.166 1.102 2.093 1.165 1.139 1.129 1.084 1.122 1.091 1.151 1.097 1.131 0.947 1.121 1.097 1.070 1.104 1.162 1.204 1.079 1.019 1.141 1.077 1.108 1.132
-1.124 1.190 1.172 1.237 1.140 1.237 1.249 1.339 1.196 1.178 1.229 1.197 1.216 1.147 1.248 1.221 1.206 1.279 1.206 1.270 1.211 1.295 1.230 1.203 1.184 1.252 1.187 1.165 2.264 1.247 1.233 1.184 1.225 1.192 1.260 1.198 1.236 1.043 1.225 1.198 1.174 1.205 1.269 1.316 1.181 1.114 1.247 1.176 1.210 1.236
-1.096 1.161 1.142 1.204 1.114 1.207 1.219 1.303 1.168 1.146 1.203 1.171 1.194 1.083 1.220 1.193 1.178 1.250 1.197 1.224 1.185 1.274 1.203 1.163 1.181 1.226 1.151 1.139 1.247 2.206 1.177 1.132 1.170 1.137 1.214 1.147 1.178 1.005 1.168 1.146 1.130 1.152 1.214 1.255 1.134 1.067 1.190 1.126 1.159 1.180
-1.089 1.153 1.135 1.198 1.105 1.198 1.210 1.298 1.159 1.142 1.191 1.160 1.179 1.112 1.209 1.183 1.169 1.239 1.167 1.229 1.172 1.254 1.192 1.167 1.147 1.214 1.150 1.129 1.233 1.177 2.187 1.144 1.183 1.151 1.213 1.156 1.193 0.995 1.183 1.156 1.126 1.164 1.225 1.269 1.136 1.075 1.204 1.136 1.168 1.194
-1.045 1.106 1.089 1.149 1.061 1.150 1.162 1.246 1.113 1.096 1.143 1.113 1.133 1.065 1.161 1.135 1.122 1.188 1.121 1.177 1.124 1.203 1.144 1.122 1.101 1.166 1.103 1.084 1.184 1.132 1.144 2.093 1.125 1.094 1.155 1.098 1.135 0.949 1.125 1.098 1.073 1.106 1.165 1.210 1.081 1.019 1.145 1.078 1.109 1.135
-1.081 1.145 1.127 1.190 1.098 1.190 1.202 1.289 1.151 1.134 1.183 1.152 1.172 1.103 1.201 1.175 1.161 1.230 1.161 1.220 1.164 1.246 1.184 1.159 1.140 1.206 1.142 1.122 1.225 1.170 1.183 1.125 2.171 1.144 1.206 1.148 1.188 0.994 1.177 1.148 1.122 1.156 1.219 1.266 1.130 1.065 1.198 1.127 1.160 1.188
-1.052 1.114 1.097 1.157 1.068 1.158 1.170 1.255 1.121 1.104 1.151 1.121 1.140 1.074 1.168 1.143 1.129 1.197 1.127 1.187 1.132 1.211 1.152 1.129 1.108 1.174 1.112 1.091 1.192 1.137 1.151 1.094 1.144 2.109 1.154 1.103 1.142 0.929 1.132 1.104 1.069 1.112 1.172 1.219 1.082 1.022 1.153 1.083 1.114 1.143
-1.108 1.174 1.155 1.217 1.126 1.220 1.231 1.318 1.180 1.158 1.215 1.183 1.206 1.099 1.234 1.206 1.191 1.263 1.211 1.240 1.199 1.289 1.216 1.176 1.192 1.238 1.164 1.151 1.260 1.214 1.213 1.155 1.206 1.154 2.232 1.185 1.220 1.035 1.209 1.185 1.163 1.192 1.255 1.298 1.170 1.103 1.231 1.164 1.197 1.221
-1.056 1.118 1.100 1.161 1.073 1.163 1.174 1.259 1.125 1.107 1.156 1.125 1.147 1.071 1.174 1.148 1.134 1.200 1.138 1.187 1.137 1.219 1.157 1.132 1.116 1.178 1.114 1.097 1.198 1.147 1.156 1.098 1.148 1.103 1.185 2.117 1.153 0.966 1.143 1.119 1.088 1.126 1.186 1.227 1.099 1.040 1.164 1.099 1.130 1.154
-1.091 1.156 1.138 1.201 1.107 1.201 1.213 1.301 1.162 1.144 1.193 1.162 1.181 1.114 1.212 1.186 1.171 1.241 1.170 1.232 1.175 1.256 1.194 1.170 1.149 1.216 1.153 1.131 1.236 1.178 1.193 1.135 1.188 1.142 1.220 1.153 2.192 1.001 1.181 1.156 1.129 1.163 1.226 1.270 1.138 1.074 1.203 1.135 1.168 1.193
-0.917 0.968 0.959 1.003 0.928 1.012 1.022 1.081 0.979 0.945 1.007 1.002 1.007 0.789 1.023 1.000 0.987 1.080 1.010 1.019 0.997 1.054 1.015 0.934 1.091 1.084 0.956 0.947 1.043 1.005 0.995 0.949 0.994 0.929 1.035 0.966 1.001 1.886 1.009 0.989 0.981 0.994 1.046 1.081 0.979 0.922 1.026 0.972 0.999 1.018
-1.082 1.145 1.128 1.190 1.098 1.190 1.202 1.289 1.151 1.134 1.183 1.152 1.171 1.104 1.201 1.175 1.161 1.230 1.159 1.221 1.164 1.245 1.184 1.160 1.139 1.206 1.143 1.121 1.225 1.168 1.183 1.125 1.177 1.132 1.209 1.143 1.181 1.009 2.172 1.136 1.114 1.144 1.207 1.256 1.118 1.052 1.187 1.115 1.147 1.177
-1.056 1.119 1.101 1.162 1.073 1.163 1.174 1.259 1.125 1.108 1.156 1.126 1.147 1.073 1.174 1.148 1.134 1.201 1.137 1.188 1.137 1.219 1.157 1.132 1.116 1.179 1.115 1.097 1.198 1.146 1.156 1.098 1.148 1.104 1.185 1.119 1.156 0.989 1.136 2.118 1.088 1.130 1.188 1.234 1.099 1.042 1.170 1.102 1.132 1.160
-1.030 1.093 1.074 1.131 1.047 1.135 1.146 1.223 1.098 1.075 1.132 1.104 1.125 0.999 1.147 1.121 1.107 1.178 1.128 1.144 1.113 1.199 1.132 1.088 1.122 1.159 1.081 1.070 1.174 1.130 1.126 1.073 1.122 1.069 1.163 1.088 1.129 0.981 1.114 1.088 2.069 1.080 1.126 1.186 1.004 0.985 1.129 1.048 1.070 1.121
-1.063 1.126 1.108 1.170 1.080 1.171 1.182 1.268 1.132 1.115 1.164 1.133 1.154 1.082 1.182 1.155 1.142 1.209 1.143 1.197 1.145 1.226 1.165 1.140 1.122 1.186 1.122 1.104 1.205 1.152 1.164 1.106 1.156 1.112 1.192 1.126 1.163 0.994 1.144 1.130 1.080 2.133 1.196 1.234 1.127 1.058 1.172 1.112 1.143 1.162
-1.120 1.186 1.167 1.232 1.137 1.232 1.244 1.334 1.192 1.173 1.225 1.193 1.214 1.137 1.245 1.217 1.202 1.273 1.207 1.262 1.207 1.293 1.227 1.198 1.183 1.247 1.181 1.162 1.269 1.214 1.225 1.165 1.219 1.172 1.255 1.186 1.226 1.046 1.207 1.188 1.126 1.196 2.257 1.300 1.186 1.113 1.234 1.171 1.204 1.224
-1.162 1.231 1.212 1.279 1.178 1.278 1.291 1.384 1.236 1.217 1.270 1.237 1.257 1.185 1.290 1.263 1.247 1.322 1.248 1.313 1.253 1.340 1.272 1.242 1.225 1.293 1.226 1.204 1.316 1.255 1.269 1.210 1.266 1.219 1.298 1.227 1.270 1.081 1.256 1.234 1.186 1.234 1.300 2.351 1.221 1.149 1.279 1.210 1.245 1.268
-1.038 1.101 1.081 1.141 1.055 1.144 1.155 1.235 1.106 1.087 1.139 1.108 1.131 1.034 1.155 1.129 1.115 1.181 1.128 1.158 1.119 1.205 1.139 1.106 1.109 1.160 1.092 1.079 1.181 1.134 1.136 1.081 1.130 1.082 1.170 1.099 1.138 0.979 1.118 1.099 1.004 1.127 1.186 1.221 2.088 1.053 1.167 1.105 1.133 1.158
-0.981 1.039 1.021 1.078 0.997 1.081 1.091 1.169 1.045 1.029 1.075 1.046 1.068 0.992 1.090 1.066 1.053 1.114 1.057 1.098 1.054 1.132 1.074 1.053 1.037 1.097 1.035 1.019 1.114 1.067 1.075 1.019 1.065 1.022 1.103 1.040 1.074 0.922 1.052 1.042 0.985 1.058 1.113 1.149 1.053 1.967 1.075 1.020 1.048 1.066
-1.101 1.166 1.148 1.211 1.117 1.212 1.224 1.313 1.172 1.154 1.204 1.173 1.192 1.124 1.223 1.196 1.182 1.253 1.181 1.244 1.186 1.268 1.205 1.180 1.160 1.227 1.163 1.141 1.247 1.190 1.204 1.145 1.198 1.153 1.231 1.164 1.203 1.026 1.187 1.170 1.129 1.172 1.234 1.279 1.167 1.075 2.215 1.111 1.145 1.173
-1.037 1.098 1.081 1.141 1.054 1.142 1.153 1.236 1.105 1.087 1.135 1.105 1.126 1.053 1.153 1.127 1.113 1.179 1.116 1.166 1.116 1.196 1.136 1.112 1.096 1.158 1.094 1.077 1.176 1.126 1.136 1.078 1.127 1.083 1.164 1.099 1.135 0.972 1.115 1.102 1.048 1.112 1.171 1.210 1.105 1.020 1.111 2.081 1.123 1.145
-1.067 1.130 1.111 1.173 1.084 1.175 1.186 1.271 1.136 1.118 1.168 1.137 1.158 1.082 1.186 1.159 1.145 1.212 1.150 1.199 1.149 1.232 1.169 1.142 1.128 1.190 1.125 1.108 1.210 1.159 1.168 1.109 1.160 1.114 1.197 1.130 1.168 0.999 1.147 1.132 1.070 1.143 1.204 1.245 1.133 1.048 1.145 1.123 2.143 1.181
-1.092 1.156 1.138 1.201 1.108 1.201 1.213 1.301 1.162 1.144 1.194 1.163 1.182 1.114 1.212 1.186 1.172 1.242 1.171 1.233 1.175 1.257 1.195 1.170 1.150 1.217 1.153 1.132 1.236 1.180 1.194 1.135 1.188 1.143 1.221 1.154 1.193 1.018 1.177 1.160 1.121 1.162 1.224 1.268 1.158 1.066 1.173 1.145 1.181 2.195
