1.000 0.225 0.321 0.296 0.386 0.246 0.294 0.336 0.269 0.292 0.290 0.261 0.299 0.289 0.285 0.324 0.352 0.340 0.359 0.259 0.239 0.330 0.216 0.317 0.321 0.279 0.334 0.274 0.280 0.286
0.225 1.050 0.070 0.064 0.091 0.060 0.064 0.080 0.060 0.063 0.070 0.063 0.071 0.063 0.062 0.078 0.076 0.081 0.078 0.056 0.055 0.072 0.055 0.077 0.069 0.062 0.073 0.066 0.060 0.068
0.321 0.070 1.103 0.089 0.116 0.073 0.088 0.103 0.080 0.088 0.086 0.077 0.089 0.086 0.085 0.097 0.106 0.102 0.108 0.078 0.071 0.099 0.067 0.095 0.096 0.083 0.100 0.081 0.084 0.085
0.296 0.064 0.089 1.088 0.095 0.053 0.068 0.086 0.060 0.067 0.066 0.057 0.068 0.066 0.065 0.078 0.084 0.081 0.086 0.058 0.051 0.078 0.053 0.074 0.076 0.063 0.079 0.061 0.064 0.065
0.386 0.091 0.116 0.095 1.150 0.100 0.118 0.133 0.109 0.117 0.117 0.106 0.120 0.116 0.114 0.129 0.139 0.135 0.142 0.104 0.098 0.131 0.087 0.127 0.128 0.112 0.133 0.111 0.112 0.115
0.246 0.060 0.073 0.053 0.100 1.061 0.038 0.038 0.031 0.038 0.032 0.026 0.035 0.037 0.036 0.039 0.051 0.044 0.053 0.030 0.023 0.046 0.009 0.037 0.045 0.033 0.047 0.028 0.035 0.032
0.294 0.064 0.088 0.068 0.118 0.038 1.088 0.090 0.085 0.093 0.085 0.079 0.089 0.092 0.091 0.092 0.110 0.099 0.112 0.084 0.075 0.104 0.053 0.091 0.102 0.088 0.105 0.080 0.090 0.085
0.336 0.080 0.103 0.086 0.133 0.038 0.090 1.115 0.132 0.137 0.145 0.134 0.146 0.136 0.135 0.159 0.156 0.162 0.159 0.126 0.124 0.149 0.134 0.156 0.146 0.135 0.150 0.140 0.133 0.143
0.269 0.060 0.080 0.060 0.109 0.031 0.085 0.132 1.076 0.083 0.082 0.075 0.084 0.082 0.081 0.089 0.098 0.094 0.099 0.075 0.070 0.092 0.061 0.088 0.090 0.080 0.093 0.078 0.080 0.081
0.292 0.063 0.088 0.067 0.117 0.038 0.093 0.137 0.083 1.088 0.091 0.084 0.094 0.091 0.089 0.101 0.107 0.105 0.109 0.082 0.078 0.102 0.071 0.099 0.099 0.088 0.103 0.087 0.088 0.090
0.290 0.070 0.086 0.066 0.117 0.032 0.085 0.145 0.082 0.091 1.088 0.052 0.061 0.069 0.069 0.057 0.086 0.066 0.087 0.062 0.051 0.080 0.006 0.058 0.078 0.064 0.081 0.051 0.068 0.057
0.261 0.063 0.077 0.057 0.106 0.026 0.079 0.134 0.075 0.084 0.052 1.073 0.095 0.094 0.093 0.101 0.110 0.106 0.112 0.086 0.080 0.105 0.074 0.098 0.102 0.091 0.106 0.088 0.092 0.092
0.299 0.071 0.089 0.068 0.120 0.035 0.089 0.146 0.084 0.094 0.061 0.095 1.094 0.073 0.072 0.092 0.091 0.096 0.094 0.064 0.062 0.085 0.063 0.090 0.082 0.072 0.086 0.076 0.070 0.079
0.289 0.063 0.086 0.066 0.116 0.037 0.092 0.136 0.082 0.091 0.069 0.094 0.073 1.087 0.089 0.093 0.107 0.099 0.109 0.081 0.075 0.101 0.054 0.092 0.099 0.086 0.102 0.082 0.087 0.086
0.285 0.062 0.085 0.065 0.114 0.036 0.091 0.135 0.081 0.089 0.069 0.093 0.072 0.089 1.085 0.133 0.122 0.135 0.125 0.094 0.097 0.116 0.109 0.131 0.112 0.105 0.117 0.115 0.100 0.116
0.324 0.078 0.097 0.078 0.129 0.039 0.092 0.159 0.089 0.101 0.057 0.101 0.092 0.093 0.133 1.113 0.129 0.123 0.132 0.100 0.091 0.123 0.093 0.115 0.120 0.105 0.124 0.101 0.107 0.105
0.352 0.076 0.106 0.084 0.139 0.051 0.110 0.156 0.098 0.107 0.086 0.110 0.091 0.107 0.122 0.129 1.128 0.121 0.125 0.091 0.085 0.115 0.080 0.113 0.112 0.098 0.117 0.098 0.098 0.101
0.340 0.081 0.102 0.081 0.135 0.044 0.099 0.162 0.094 0.105 0.066 0.106 0.096 0.099 0.135 0.123 0.121 1.123 0.124 0.089 0.088 0.114 0.095 0.121 0.110 0.099 0.115 0.105 0.096 0.107
0.359 0.078 0.108 0.086 0.142 0.053 0.112 0.159 0.099 0.109 0.087 0.112 0.094 0.109 0.125 0.132 0.125 0.124 1.133 0.136 0.128 0.161 0.117 0.154 0.158 0.142 0.163 0.139 0.143 0.144
0.259 0.056 0.078 0.058 0.104 0.030 0.084 0.126 0.075 0.082 0.062 0.086 0.064 0.081 0.094 0.100 0.091 0.089 0.136 1.073 0.071 0.094 0.067 0.092 0.092 0.081 0.095 0.081 0.081 0.084
0.239 0.055 0.071 0.051 0.098 0.023 0.075 0.124 0.070 0.078 0.051 0.080 0.062 0.075 0.097 0.091 0.085 0.088 0.128 0.071 1.064 0.080 0.060 0.081 0.078 0.068 0.081 0.070 0.067 0.072
0.330 0.072 0.099 0.078 0.131 0.046 0.104 0.149 0.092 0.102 0.080 0.105 0.085 0.101 0.116 0.123 0.115 0.114 0.161 0.094 0.080 1.115 0.121 0.161 0.159 0.146 0.164 0.147 0.145 0.150
0.216 0.055 0.067 0.053 0.087 0.009 0.053 0.134 0.061 0.071 0.006 0.074 0.063 0.054 0.109 0.093 0.080 0.095 0.117 0.067 0.060 0.121 1.061 -0.087 -0.064 -0.078 -0.062 -0.091 -0.071 -0.086
0.317 0.077 0.095 0.074 0.127 0.037 0.091 0.156 0.088 0.099 0.058 0.098 0.090 0.092 0.131 0.115 0.113 0.121 0.154 0.092 0.081 0.161 -0.087 1.140 0.156 0.147 0.159 0.149 0.146 0.151
0.321 0.069 0.096 0.076 0.128 0.045 0.102 0.146 0.090 0.099 0.078 0.102 0.082 0.099 0.112 0.120 0.112 0.110 0.158 0.092 0.078 0.159 -0.064 0.156 1.132 0.127 0.139 0.127 0.126 0.130
0.279 0.062 0.083 0.063 0.112 0.033 0.088 0.135 0.080 0.088 0.064 0.091 0.072 0.086 0.105 0.105 0.098 0.099 0.142 0.081 0.068 0.146 -0.078 0.147 0.127 1.109 0.111 0.099 0.100 0.101
0.334 0.073 0.100 0.079 0.133 0.047 0.105 0.150 0.093 0.103 0.081 0.106 0.086 0.102 0.117 0.124 0.117 0.115 0.163 0.095 0.081 0.164 -0.062 0.159 0.139 0.111 1.141 0.117 0.119 0.120
0.274 0.066 0.081 0.061 0.111 0.028 0.080 0.140 0.078 0.087 0.051 0.088 0.076 0.082 0.115 0.101 0.098 0.105 0.139 0.081 0.070 0.147 -0.091 0.149 0.127 0.099 0.117 1.112 -0.044 -0.005
0.280 0.060 0.084 0.064 0.112 0.035 0.090 0.133 0.080 0.088 0.068 0.092 0.070 0.087 0.100 0.107 0.098 0.096 0.143 0.081 0.067 0.145 -0.071 0.146 0.126 0.100 0.119 -0.044 1.130 0.127
0.286 0.068 0.085 0.065 0.115 0.032 0.085 0.143 0.081 0.090 0.057 0.092 0.079 0.086 0.116 0.105 0.101 0.107 0.144 0.084 0.072 0.150 -0.086 0.151 0.130 0.101 0.120 -0.005 0.127 1.132
