1.000 -0.011 -0.036 -0.011 -0.011 -0.011 -0.011 -0.010 -0.029 -0.012 -0.013 -0.013 -0.042 -0.023 -0.011 -0.059 -0.018 -0.026 -0.011 -0.011
-0.011 1.000 -0.003 -0.004 -0.004 -0.004 -0.004 -0.004 -0.003 -0.004 -0.004 -0.004 -0.002 -0.004 -0.004 -0.000 -0.004 -0.004 -0.004 -0.004
-0.036 -0.003 1.001 0.007 0.007 0.007 0.007 0.008 -0.005 0.007 0.006 0.007 -0.016 -0.001 0.007 -0.033 0.003 -0.003 0.008 0.008
-0.011 -0.004 0.007 1.000 -0.003 -0.003 -0.003 -0.003 -0.002 -0.003 -0.003 -0.003 -0.002 -0.002 -0.003 -0.002 -0.002 -0.002 -0.003 -0.003
-0.011 -0.004 0.007 -0.003 1.000 -0.005 -0.005 -0.005 -0.006 -0.005 -0.005 -0.005 -0.007 -0.006 -0.005 -0.008 -0.005 -0.006 -0.005 -0.005
-0.011 -0.004 0.007 -0.003 -0.005 1.000 0.006 0.005 0.009 0.006 0.006 0.006 0.012 0.008 0.006 0.016 0.007 0.009 0.006 0.006
-0.011 -0.004 0.007 -0.003 -0.005 0.006 1.000 0.006 0.003 0.006 0.006 0.006 0.001 0.004 0.006 -0.002 0.005 0.003 0.006 0.006
-0.010 -0.004 0.008 -0.003 -0.005 0.005 0.006 1.000 -0.063 -0.032 -0.034 -0.033 -0.088 -0.052 -0.031 -0.124 -0.043 -0.057 -0.031 -0.030
-0.029 -0.003 -0.005 -0.002 -0.006 0.009 0.003 -0.063 1.005 0.009 0.010 0.010 0.040 0.020 0.009 0.062 0.015 0.022 0.008 0.008
-0.012 -0.004 0.007 -0.003 -0.005 0.006 0.006 -0.032 0.009 1.001 0.005 0.005 0.009 0.006 0.004 0.011 0.006 0.007 0.004 0.004
-0.013 -0.004 0.006 -0.003 -0.005 0.006 0.006 -0.034 0.010 0.005 1.002 0.003 0.007 0.004 0.002 0.010 0.003 0.005 0.002 0.002
-0.013 -0.004 0.007 -0.003 -0.005 0.006 0.006 -0.033 0.010 0.005 0.003 1.001 -0.019 -0.020 -0.020 -0.013 -0.020 -0.020 -0.020 -0.020
-0.042 -0.002 -0.016 -0.002 -0.007 0.012 0.001 -0.088 0.040 0.009 0.007 -0.019 1.012 0.021 0.009 0.062 0.016 0.023 0.008 0.008
-0.023 -0.004 -0.001 -0.002 -0.006 0.008 0.004 -0.052 0.020 0.006 0.004 -0.020 0.021 1.004 0.018 0.053 0.023 0.028 0.018 0.018
-0.011 -0.004 0.007 -0.003 -0.005 0.006 0.006 -0.031 0.009 0.004 0.002 -0.020 0.009 0.018 1.002 0.008 0.004 0.005 0.003 0.003
-0.059 -0.000 -0.033 -0.002 -0.008 0.016 -0.002 -0.124 0.062 0.011 0.010 -0.013 0.062 0.053 0.008 1.028 0.024 0.031 0.016 0.016
-0.018 -0.004 0.003 -0.002 -0.005 0.007 0.005 -0.043 0.015 0.006 0.003 -0.020 0.016 0.023 0.004 0.024 1.004 0.014 0.010 0.010
-0.026 -0.004 -0.003 -0.002 -0.006 0.009 0.003 -0.057 0.022 0.007 0.005 -0.020 0.023 0.028 0.005 0.031 0.014 1.006 0.002 0.002
-0.011 -0.004 0.008 -0.003 -0.005 0.006 0.006 -0.031 0.008 0.004 0.002 -0.020 0.008 0.018 0.003 0.016 0.010 0.002 1.002 0.003
-0.011 -0.004 0.008 -0.003 -0.005 0.006 0.006 -0.030 0.008 0.004 0.002 -0.020 0.008 0.018 0.003 0.016 0.010 0.002 0.003 1.002
