1.000 -0.506 -0.518 -0.504 -0.506 -0.501 -0.512 -0.511 -0.517 -0.505 -0.664 -0.500 -0.511 -0.565 -0.508 -0.504 -0.504 -0.502 -0.506 -0.513
-0.506 1.256 0.212 0.187 0.188 0.187 0.189 0.188 0.210 0.188 0.284 0.191 0.189 0.232 0.188 0.187 0.187 0.188 0.188 0.191
-0.518 0.212 1.271 0.115 0.115 0.115 0.115 0.114 0.186 0.115 0.501 0.129 0.115 0.286 0.115 0.115 0.115 0.119 0.115 0.124
-0.504 0.187 0.115 1.282 0.266 0.264 0.269 0.269 0.262 0.266 0.292 0.262 0.269 0.271 0.267 0.266 0.266 0.264 0.267 0.268
-0.506 0.188 0.115 0.266 1.283 0.164 0.170 0.169 0.136 0.166 0.058 0.155 0.169 0.108 0.167 0.165 0.165 0.162 0.167 0.165
-0.501 0.187 0.115 0.264 0.164 1.291 0.290 0.290 0.281 0.286 0.304 0.282 0.289 0.288 0.288 0.286 0.286 0.284 0.287 0.289
-0.512 0.189 0.115 0.269 0.170 0.290 1.305 0.248 0.235 0.250 0.228 0.247 0.248 0.228 0.249 0.250 0.250 0.249 0.250 0.244
-0.511 0.188 0.114 0.269 0.169 0.290 0.248 1.307 0.309 0.329 0.313 0.322 0.329 0.308 0.329 0.329 0.329 0.327 0.329 0.325
-0.517 0.210 0.186 0.262 0.136 0.281 0.235 0.309 1.301 0.184 0.630 0.207 0.181 0.395 0.183 0.185 0.185 0.192 0.183 0.195
-0.505 0.188 0.115 0.266 0.166 0.286 0.250 0.329 0.184 1.312 0.298 0.311 0.322 0.298 0.321 0.319 0.319 0.316 0.320 0.319
-0.664 0.284 0.501 0.292 0.058 0.304 0.228 0.313 0.630 0.298 1.617 0.286 0.421 0.666 0.382 0.336 0.338 0.328 0.365 0.490
-0.500 0.191 0.129 0.262 0.155 0.282 0.247 0.322 0.207 0.311 0.286 1.299 0.310 0.278 0.306 0.301 0.300 0.293 0.303 0.303
-0.511 0.189 0.115 0.269 0.169 0.289 0.248 0.329 0.181 0.322 0.421 0.310 1.331 0.248 0.227 0.215 0.215 0.210 0.222 0.246
-0.565 0.232 0.286 0.271 0.108 0.288 0.228 0.308 0.395 0.298 0.666 0.278 0.248 1.422 0.513 0.553 0.550 0.554 0.526 0.404
-0.508 0.188 0.115 0.267 0.167 0.288 0.249 0.329 0.183 0.321 0.382 0.306 0.227 0.513 1.363 0.314 0.313 0.312 0.310 0.292
-0.504 0.187 0.115 0.266 0.165 0.286 0.250 0.329 0.185 0.319 0.336 0.301 0.215 0.553 0.314 1.379 0.348 0.345 0.343 0.309
-0.504 0.187 0.115 0.266 0.165 0.286 0.250 0.329 0.185 0.319 0.338 0.300 0.215 0.550 0.313 0.348 1.378 0.360 0.359 0.326
-0.502 0.188 0.119 0.264 0.162 0.284 0.249 0.327 0.192 0.316 0.328 0.293 0.210 0.554 0.312 0.345 0.360 1.377 0.401 0.360
-0.506 0.188 0.115 0.267 0.167 0.287 0.250 0.329 0.183 0.320 0.365 0.303 0.222 0.526 0.310 0.343 0.359 0.401 1.370 0.303
-0.513 0.191 0.124 0.268 0.165 0.289 0.244 0.325 0.195 0.319 0.490 0.303 0.246 0.404 0.292 0.309 0.326 0.360 0.303 1.362
