1.000 -0.952 -1.033 -1.379 -1.063 -0.769 -1.102 -0.838 -1.064 -0.969 -0.689 -1.063 -1.067 -1.076 -1.018 -1.199 -1.066 -0.974 -1.078 -1.060
-0.952 1.906 0.931 1.246 0.962 0.684 0.999 0.749 0.962 0.872 0.602 0.961 0.965 0.973 0.918 1.086 0.965 0.876 0.975 0.958
-1.033 0.931 2.069 1.372 1.073 0.773 1.115 0.846 1.074 0.973 0.703 1.072 1.076 1.085 1.022 1.200 1.076 0.978 1.088 1.069
-1.379 1.246 1.372 2.910 1.446 1.148 1.510 1.225 1.446 1.353 1.150 1.445 1.450 1.459 1.422 1.702 1.449 1.380 1.460 1.443
-1.063 0.962 1.073 1.446 2.134 0.751 1.089 0.819 1.066 0.965 0.625 1.065 1.070 1.079 1.007 1.159 1.069 0.957 1.081 1.062
-0.769 0.684 0.773 1.148 0.751 1.606 0.775 0.670 0.770 0.749 0.567 0.772 0.774 0.779 0.768 0.843 0.773 0.744 0.776 0.772
-1.102 0.999 1.115 1.510 1.089 0.775 2.232 0.903 1.147 1.054 0.710 1.147 1.152 1.162 1.098 1.262 1.151 1.047 1.163 1.145
-0.838 0.749 0.846 1.225 0.819 0.670 0.903 1.715 0.909 0.863 0.554 0.911 0.914 0.921 0.880 0.931 0.912 0.843 0.919 0.910
-1.064 0.962 1.074 1.446 1.066 0.770 1.147 0.909 2.144 1.032 0.709 1.131 1.136 1.146 1.081 1.261 1.135 1.031 1.147 1.128
-0.969 0.872 0.973 1.353 0.965 0.749 1.054 0.863 1.032 1.950 0.558 1.034 1.039 1.049 0.965 1.073 1.038 0.912 1.051 1.031
-0.689 0.602 0.703 1.150 0.625 0.567 0.710 0.554 0.709 0.558 1.549 0.813 0.817 0.823 0.775 1.005 0.818 0.743 0.829 0.809
-1.063 0.961 1.072 1.445 1.065 0.772 1.147 0.911 1.131 1.034 0.813 2.147 1.225 1.234 1.155 1.361 1.224 1.102 1.239 1.215
-1.067 0.965 1.076 1.450 1.070 0.774 1.152 0.914 1.136 1.039 0.817 1.225 2.162 1.132 1.075 1.274 1.123 1.029 1.134 1.116
-1.076 0.973 1.085 1.459 1.079 0.779 1.162 0.921 1.146 1.049 0.823 1.234 1.132 2.184 1.182 1.406 1.217 1.141 1.228 1.211
-1.018 0.918 1.022 1.422 1.007 0.768 1.098 0.880 1.081 0.965 0.775 1.155 1.075 1.182 2.061 1.255 1.082 0.994 1.094 1.076
-1.199 1.086 1.200 1.702 1.159 0.843 1.262 0.931 1.261 1.073 1.005 1.361 1.274 1.406 1.255 2.523 1.341 1.282 1.349 1.338
-1.066 0.965 1.076 1.449 1.069 0.773 1.151 0.912 1.135 1.038 0.818 1.224 1.123 1.217 1.082 1.341 2.166 1.026 1.115 1.109
-0.974 0.876 0.978 1.380 0.957 0.744 1.047 0.843 1.031 0.912 0.743 1.102 1.029 1.141 0.994 1.282 1.026 1.982 1.125 1.073
-1.078 0.975 1.088 1.460 1.081 0.776 1.163 0.919 1.147 1.051 0.829 1.239 1.134 1.228 1.094 1.349 1.115 1.125 2.199 1.169
-1.060 0.958 1.069 1.443 1.062 0.772 1.145 0.910 1.128 1.031 0.809 1.215 1.116 1.211 1.076 1.338 1.109 1.073 1.169 2.154
