1.000 -0.011 -0.008 -0.008 -0.016 -0.008 -0.008 -0.012 -0.021 -0.008 -0.008 -0.017 -0.009 -0.008 -0.017 -0.009 -0.008 -0.009 -0.008 -0.012
-0.011 1.000 0.002 0.002 0.012 0.002 0.002 0.008 0.019 0.002 0.002 0.014 0.002 0.002 0.014 0.002 0.002 0.002 0.002 0.007
-0.008 0.002 1.000 -0.000 0.000 -0.000 -0.000 0.000 0.000 -0.000 -0.000 0.000 -0.000 -0.000 0.000 -0.000 -0.000 -0.000 -0.000 0.000
-0.008 0.002 -0.000 1.000 -0.001 -0.001 -0.001 -0.001 -0.000 -0.001 -0.001 -0.001 -0.001 -0.001 -0.001 -0.001 -0.001 -0.001 -0.001 -0.001
-0.016 0.012 0.000 -0.001 1.000 0.005 0.005 0.007 0.012 0.005 0.005 0.010 0.005 0.005 0.010 0.005 0.005 0.005 0.005 0.007
-0.008 0.002 -0.000 -0.001 0.005 1.000 -0.007 -0.014 -0.030 -0.008 -0.008 -0.023 -0.008 -0.008 -0.023 -0.008 -0.007 -0.008 -0.007 -0.014
-0.008 0.002 -0.000 -0.001 0.005 -0.007 1.000 -0.036 -0.058 -0.029 -0.029 -0.047 -0.029 -0.029 -0.048 -0.029 -0.029 -0.029 -0.029 -0.035
-0.012 0.008 0.000 -0.001 0.007 -0.014 -0.036 1.002 0.002 0.002 0.002 0.002 0.002 0.003 0.002 0.002 0.002 0.002 0.003 0.002
-0.021 0.019 0.000 -0.000 0.012 -0.030 -0.058 0.002 1.005 0.014 0.013 0.027 0.014 0.013 0.028 0.014 0.013 0.014 0.013 0.021
-0.008 0.002 -0.000 -0.001 0.005 -0.008 -0.029 0.002 0.014 1.001 0.006 0.027 0.007 0.006 0.028 0.007 0.006 0.007 0.006 0.015
-0.008 0.002 -0.000 -0.001 0.005 -0.008 -0.029 0.002 0.013 0.006 1.001 0.003 -0.001 -0.001 0.003 -0.001 -0.001 -0.001 -0.001 0.000
-0.017 0.014 0.000 -0.001 0.010 -0.023 -0.047 0.002 0.027 0.027 0.003 1.004 -0.007 -0.008 0.020 -0.007 -0.008 -0.007 -0.009 0.004
-0.009 0.002 -0.000 -0.001 0.005 -0.008 -0.029 0.002 0.014 0.007 -0.001 -0.007 1.001 0.004 0.004 0.004 0.003 0.004 0.003 0.004
-0.008 0.002 -0.000 -0.001 0.005 -0.008 -0.029 0.003 0.013 0.006 -0.001 -0.008 0.004 1.001 0.042 0.024 0.023 0.023 0.023 0.029
-0.017 0.014 0.000 -0.001 0.010 -0.023 -0.048 0.002 0.028 0.028 0.003 0.020 0.004 0.042 1.007 0.012 0.010 0.012 0.010 0.028
-0.009 0.002 -0.000 -0.001 0.005 -0.008 -0.029 0.002 0.014 0.007 -0.001 -0.007 0.004 0.024 0.012 1.002 0.012 0.013 0.012 0.020
-0.008 0.002 -0.000 -0.001 0.005 -0.007 -0.029 0.002 0.013 0.006 -0.001 -0.008 0.003 0.023 0.010 0.012 1.002 0.004 0.004 0.005
-0.009 0.002 -0.000 -0.001 0.005 -0.008 -0.029 0.002 0.014 0.007 -0.001 -0.007 0.004 0.023 0.012 0.013 0.004 1.002 0.008 0.009
-0.008 0.002 -0.000 -0.001 0.005 -0.007 -0.029 0.003 0.013 0.006 -0.001 -0.009 0.003 0.023 0.010 0.012 0.004 0.008 1.002 0.002
-0.012 0.007 0.000 -0.001 0.007 -0.014 -0.035 0.002 0.021 0.015 0.000 0.004 0.004 0.029 0.028 0.020 0.005 0.009 0.002 1.004
