1.000 0.022 0.020 0.020 0.023 0.025 0.020 0.020 0.020 0.053 0.020 0.028 0.020 0.031 0.030 0.020 0.020 0.020 0.046 0.021
0.022 1.000 0.007 0.001 -0.014 -0.021 0.005 0.007 -0.004 -0.065 -0.006 -0.027 0.008 -0.033 -0.031 0.007 0.002 0.007 -0.055 -0.009
0.020 0.007 1.000 0.029 0.040 0.046 0.027 0.026 0.031 0.096 0.033 0.053 0.025 0.060 0.058 0.026 0.028 0.025 0.087 0.035
0.020 0.001 0.029 1.001 -0.029 -0.024 -0.043 -0.045 -0.037 -0.003 -0.035 -0.019 -0.045 -0.015 -0.017 -0.045 -0.041 -0.045 -0.005 -0.033
0.023 -0.014 0.040 -0.029 1.003 0.002 -0.008 -0.008 -0.005 0.030 -0.005 0.006 -0.008 0.010 0.009 -0.008 -0.007 -0.008 0.025 -0.004
0.025 -0.021 0.046 -0.024 0.002 1.004 -0.014 -0.014 -0.017 -0.027 -0.017 -0.022 -0.013 -0.023 -0.023 -0.014 -0.015 -0.014 -0.026 -0.018
0.020 0.005 0.027 -0.043 -0.008 -0.014 1.003 -0.042 -0.036 0.002 -0.035 -0.022 -0.043 -0.018 -0.020 -0.043 -0.040 -0.043 -0.003 -0.033
0.020 0.007 0.026 -0.045 -0.008 -0.014 -0.042 1.006 0.052 0.000 0.049 0.026 0.064 0.020 0.022 0.063 0.058 0.064 0.004 0.046
0.020 -0.004 0.031 -0.037 -0.005 -0.017 -0.036 0.052 1.007 -0.009 0.028 0.018 0.025 0.013 0.014 0.025 0.027 0.026 -0.004 0.028
0.053 -0.065 0.096 -0.003 0.030 -0.027 0.002 0.000 -0.009 1.018 0.004 0.029 -0.004 0.037 0.035 -0.004 -0.001 -0.004 0.071 0.007
0.020 -0.006 0.033 -0.035 -0.005 -0.017 -0.035 0.049 0.028 0.004 1.007 0.048 0.071 0.042 0.044 0.070 0.069 0.071 0.008 0.063
0.028 -0.027 0.053 -0.019 0.006 -0.022 -0.022 0.026 0.018 0.029 0.048 1.009 -0.016 -0.056 -0.054 -0.017 -0.020 -0.016 -0.063 -0.030
0.020 0.008 0.025 -0.045 -0.008 -0.013 -0.043 0.064 0.025 -0.004 0.071 -0.016 1.014 -0.095 -0.094 -0.090 -0.083 -0.090 -0.100 -0.076
0.031 -0.033 0.060 -0.015 0.010 -0.023 -0.018 0.020 0.013 0.037 0.042 -0.056 -0.095 1.024 0.108 0.120 0.116 0.120 0.100 0.110
0.030 -0.031 0.058 -0.017 0.009 -0.023 -0.020 0.022 0.014 0.035 0.044 -0.054 -0.094 0.108 1.031 0.099 0.090 0.100 -0.084 0.065
0.020 0.007 0.026 -0.045 -0.008 -0.014 -0.043 0.063 0.025 -0.004 0.070 -0.017 -0.090 0.120 0.099 1.040 0.054 0.060 0.006 0.042
0.020 0.002 0.028 -0.041 -0.007 -0.015 -0.040 0.058 0.027 -0.001 0.069 -0.020 -0.083 0.116 0.090 0.054 1.036 -0.268 -0.065 -0.218
0.020 0.007 0.025 -0.045 -0.008 -0.014 -0.043 0.064 0.026 -0.004 0.071 -0.016 -0.090 0.120 0.100 0.060 -0.268 1.134 -0.078 -0.091
0.046 -0.055 0.087 -0.005 0.025 -0.026 -0.003 0.004 -0.004 0.071 0.008 -0.063 -0.100 0.100 -0.084 0.006 -0.065 -0.078 1.073 0.247
0.021 -0.009 0.035 -0.033 -0.004 -0.018 -0.033 0.046 0.028 0.007 0.063 -0.030 -0.076 0.110 0.065 0.042 -0.218 -0.091 0.247 1.165
