1.000 0.007 0.006 0.009 0.006 0.006 0.007 0.006 0.006 0.006 0.006 0.006 0.009 0.007 0.006 0.006 0.006 0.012 0.007 0.006
0.007 1.000 0.002 0.005 0.002 0.002 0.003 0.002 0.002 0.002 0.002 0.002 0.005 0.003 0.002 0.002 0.002 0.009 0.003 0.002
0.006 0.002 1.000 -0.001 0.001 0.001 0.001 0.001 0.001 0.001 0.001 0.001 -0.000 0.000 0.001 0.001 0.001 -0.003 0.001 0.001
0.009 0.005 -0.001 1.000 0.011 0.011 0.014 0.011 0.011 0.011 0.011 0.011 0.020 0.014 0.011 0.011 0.012 0.034 0.014 0.011
0.006 0.002 0.001 0.011 1.000 0.001 0.001 0.001 0.001 0.001 0.001 0.001 0.002 0.001 0.001 0.001 0.001 0.003 0.001 0.001
0.006 0.002 0.001 0.011 0.001 1.000 0.001 0.001 0.001 0.001 0.001 0.001 0.001 0.001 0.001 0.002 0.001 0.002 0.001 0.001
0.007 0.003 0.001 0.014 0.001 0.001 1.000 -0.004 -0.004 -0.004 -0.004 -0.004 0.001 -0.002 -0.004 -0.004 -0.003 0.008 -0.002 -0.004
0.006 0.002 0.001 0.011 0.001 0.001 -0.004 1.000 0.004 0.004 0.004 0.004 0.006 0.005 0.004 0.004 0.004 0.010 0.005 0.004
0.006 0.002 0.001 0.011 0.001 0.001 -0.004 0.004 1.000 0.002 0.002 0.002 0.001 0.002 0.002 0.002 0.002 -0.003 0.002 0.002
0.006 0.002 0.001 0.011 0.001 0.001 -0.004 0.004 0.002 1.000 -0.001 -0.001 -0.002 -0.001 -0.001 -0.001 -0.001 -0.005 -0.001 -0.001
0.006 0.002 0.001 0.011 0.001 0.001 -0.004 0.004 0.002 -0.001 1.000 0.006 0.002 0.004 0.006 0.006 0.006 -0.004 0.005 0.006
0.006 0.002 0.001 0.011 0.001 0.001 -0.004 0.004 0.002 -0.001 0.006 1.000 -0.041 -0.044 -0.046 -0.046 -0.046 -0.031 -0.045 -0.046
0.009 0.005 -0.000 0.020 0.002 0.001 0.001 0.006 0.001 -0.002 0.002 -0.041 1.002 0.039 0.030 0.029 0.031 0.105 0.037 0.030
0.007 0.003 0.000 0.014 0.001 0.001 -0.002 0.005 0.002 -0.001 0.004 -0.044 0.039 1.004 0.006 0.005 0.006 0.044 0.010 0.006
0.006 0.002 0.001 0.011 0.001 0.001 -0.004 0.004 0.002 -0.001 0.006 -0.046 0.030 0.006 1.003 0.005 0.005 -0.000 0.005 0.005
0.006 0.002 0.001 0.011 0.001 0.002 -0.004 0.004 0.002 -0.001 0.006 -0.046 0.029 0.005 0.005 1.003 0.011 0.010 0.011 0.011
0.006 0.002 0.001 0.012 0.001 0.001 -0.003 0.004 0.002 -0.001 0.006 -0.046 0.031 0.006 0.005 0.011 1.003 0.035 0.028 0.027
0.012 0.009 -0.003 0.034 0.003 0.002 0.008 0.010 -0.003 -0.005 -0.004 -0.031 0.105 0.044 -0.000 0.010 0.035 1.016 0.012 -0.003
0.007 0.003 0.001 0.014 0.001 0.001 -0.002 0.005 0.002 -0.001 0.005 -0.045 0.037 0.010 0.005 0.011 0.028 0.012 1.004 0.001
0.006 0.002 0.001 0.011 0.001 0.001 -0.004 0.004 0.002 -0.001 0.006 -0.046 0.030 0.006 0.005 0.011 0.027 -0.003 0.001 1.004
