1.000 0.000 0.000 0.000 0.000 -0.000 0.000 -0.000 0.000 0.000
0.000 1.000 -0.010 -0.010 -0.009 -0.010 -0.010 -0.006 -0.006 -0.007
0.000 -0.010 1.000 0.020 0.017 0.021 0.021 0.002 0.016 0.015
0.000 -0.010 0.020 1.001 0.021 -0.009 -0.008 0.107 -0.045 0.009
0.000 -0.009 0.017 0.021 1.001 0.001 0.001 0.008 -0.009 -0.000
-0.000 -0.010 0.021 -0.009 0.001 1.001 -0.007 0.058 -0.031 0.002
0.000 -0.010 0.021 -0.008 0.001 -0.007 1.001 0.003 0.004 0.005
-0.000 -0.006 0.002 0.107 0.008 0.058 0.003 1.015 0.037 0.065
0.000 -0.006 0.016 -0.045 -0.009 -0.031 0.004 0.037 1.005 0.007
0.000 -0.007 0.015 0.009 -0.000 0.002 0.005 0.065 0.007 1.005
