1.000 0.002 0.002 0.002 0.001 0.002 0.002 0.002 0.007 0.002
0.002 1.000 -0.003 -0.003 -0.003 -0.002 0.008 0.011 0.003 -0.002
0.002 -0.003 1.000 -0.011 -0.011 -0.012 -0.020 -0.021 -0.061 -0.011
0.002 -0.003 -0.011 1.000 -0.003 -0.004 -0.010 -0.009 -0.061 -0.004
0.001 -0.003 -0.011 -0.003 1.000 -0.000 0.001 0.001 0.000 -0.000
0.002 -0.002 -0.012 -0.004 -0.000 1.000 0.004 0.004 0.003 0.003
0.002 0.008 -0.020 -0.010 0.001 0.004 1.001 0.013 0.013 0.011
0.002 0.011 -0.021 -0.009 0.001 0.004 0.013 1.001 -0.371 -0.203
0.007 0.003 -0.061 -0.061 0.000 0.003 0.013 -0.371 1.147 0.142
0.002 -0.002 -0.011 -0.004 -0.000 0.003 0.011 -0.203 0.142 1.046
