1.000 0.001 -0.004 -0.015 0.004 -0.004 0.014 -0.016 -0.006 -0.016 -0.016 -0.013 -0.015 0.011 -0.015 0.014 -0.007 0.012 0.006 0.015 -0.012 -0.000 -0.010 -0.015 0.006 0.004 -0.006 -0.003 0.013 -0.006
0.001 1.000 -0.012 -0.057 0.008 -0.030 -0.133 -0.002 -0.067 -0.085 -0.040 -0.046 -0.067 -0.088 -0.009 0.005 0.006 -0.199 -0.016 -0.156 -0.057 0.055 -0.091 -0.042 -0.041 0.003 -0.100 -0.042 -0.189 -0.102
-0.004 -0.012 1.000 -0.023 -0.018 -0.020 -0.013 -0.023 -0.020 -0.023 -0.023 -0.022 -0.022 -0.015 -0.023 -0.014 -0.021 -0.013 -0.017 -0.012 -0.022 -0.020 -0.021 -0.023 -0.017 -0.018 -0.019 -0.019 -0.013 -0.019
-0.015 -0.057 -0.023 1.004 -0.000 0.002 -0.001 -0.001 0.004 0.004 0.001 0.002 0.003 0.001 -0.000 -0.007 -0.000 0.004 -0.000 -0.001 0.003 -0.003 0.005 0.002 0.001 -0.001 0.006 0.003 0.006 0.006
0.004 0.008 -0.018 -0.000 1.000 0.003 -0.031 0.016 0.005 0.015 0.015 0.012 0.014 -0.019 0.015 -0.026 0.007 -0.028 -0.010 -0.033 0.011 0.000 0.009 0.015 -0.010 -0.008 0.004 0.002 -0.025 0.005
-0.004 -0.030 -0.020 0.002 0.003 1.001 0.086 0.035 0.045 0.036 0.036 0.038 0.037 0.071 0.035 0.077 0.042 0.083 0.059 0.089 0.039 0.047 0.042 0.036 0.060 0.056 0.046 0.047 0.079 0.046
0.014 -0.133 -0.013 -0.001 -0.031 0.086 1.026 0.024 0.016 0.034 0.028 0.025 0.030 -0.009 0.024 -0.027 0.010 -0.001 -0.009 -0.011 0.024 -0.006 0.026 0.027 -0.006 -0.008 0.020 0.009 -0.002 0.021
-0.016 -0.002 -0.023 -0.001 0.016 0.035 0.024 1.003 -0.003 -0.001 -0.001 -0.001 -0.001 -0.007 -0.001 -0.009 -0.003 -0.009 -0.006 -0.010 -0.001 -0.004 -0.002 -0.001 -0.006 -0.005 -0.002 -0.003 -0.008 -0.002
-0.006 -0.067 -0.020 0.004 0.005 0.045 0.016 -0.003 1.007 0.002 -0.001 -0.000 0.001 0.007 -0.003 0.003 -0.003 0.016 0.001 0.014 0.001 -0.005 0.003 -0.001 0.003 -0.000 0.005 0.001 0.015 0.005
-0.016 -0.085 -0.023 0.004 0.015 0.036 0.034 -0.001 0.002 1.010 0.005 0.007 0.008 0.023 0.003 0.017 0.005 0.034 0.013 0.032 0.009 0.004 0.012 0.006 0.016 0.011 0.015 0.011 0.033 0.015
-0.016 -0.040 -0.023 0.001 0.015 0.036 0.028 -0.001 -0.001 0.005 1.004 -0.015 -0.016 0.032 -0.019 0.041 -0.010 0.049 0.015 0.059 -0.013 -0.002 -0.009 -0.018 0.016 0.011 -0.003 -0.001 0.044 -0.004
-0.013 -0.046 -0.022 0.002 0.012 0.038 0.025 -0.001 -0.000 0.007 -0.015 1.005 -0.014 0.010 -0.016 0.011 -0.011 0.019 0.001 0.021 -0.011 -0.008 -0.009 -0.015 0.003 -0.001 -0.005 -0.005 0.018 -0.005
-0.015 -0.067 -0.022 0.003 0.014 0.037 0.030 -0.001 0.001 0.008 -0.016 -0.014 1.008 -0.002 -0.001 -0.010 -0.003 0.003 -0.005 -0.001 0.002 -0.008 0.004 0.001 -0.003 -0.006 0.004 -0.001 0.003 0.004
0.011 -0.088 -0.015 0.001 -0.019 0.071 -0.009 -0.007 0.007 0.023 0.032 0.010 -0.002 1.015 0.067 0.018 0.057 0.035 0.041 0.024 0.067 0.046 0.068 0.070 0.042 0.041 0.064 0.056 0.038 0.065
-0.015 -0.009 -0.023 -0.000 0.015 0.035 0.024 -0.001 -0.003 0.003 -0.019 -0.016 -0.001 0.067 1.008 -0.017 -0.014 -0.016 -0.015 -0.016 -0.013 -0.015 -0.013 -0.013 -0.015 -0.015 -0.013 -0.014 -0.015 -0.013
0.014 0.005 -0.014 -0.007 -0.026 0.077 -0.027 -0.009 0.003 0.017 0.041 0.011 -0.010 0.018 -0.017 1.011 -0.107 -0.063 -0.076 -0.056 -0.118 -0.090 -0.115 -0.128 -0.075 -0.079 -0.104 -0.096 -0.060 -0.104
-0.007 0.006 -0.021 -0.000 0.007 0.042 0.010 -0.003 -0.003 0.005 -0.010 -0.011 -0.003 0.057 -0.014 -0.107 1.018 0.044 0.057 0.041 0.073 0.065 0.071 0.076 0.057 0.059 0.068 0.066 0.046 0.068
0.012 -0.199 -0.013 0.004 -0.028 0.083 -0.001 -0.009 0.016 0.034 0.049 0.019 0.003 0.035 -0.016 -0.063 0.044 1.057 -0.027 -0.074 0.021 -0.016 0.025 0.022 -0.023 -0.026 0.020 0.004 -0.035 0.021
0.006 -0.016 -0.017 -0.000 -0.010 0.059 -0.009 -0.006 0.001 0.013 0.015 0.001 -0.005 0.041 -0.015 -0.076 0.057 -0.027 1.017 0.155 0.077 0.093 0.080 0.072 0.111 0.107 0.086 0.091 0.136 0.085
0.015 -0.156 -0.012 -0.001 -0.033 0.089 -0.011 -0.010 0.014 0.032 0.059 0.021 -0.001 0.024 -0.016 -0.056 0.041 -0.074 0.155 1.077 -0.013 -0.031 -0.010 -0.014 -0.018 -0.023 -0.010 -0.018 0.005 -0.010
-0.012 -0.057 -0.022 0.003 0.011 0.039 0.024 -0.001 0.001 0.009 -0.013 -0.011 0.002 0.067 -0.013 -0.118 0.073 0.021 0.077 -0.013 1.033 0.041 0.029 0.028 0.047 0.047 0.031 0.036 0.057 0.031
-0.000 0.055 -0.020 -0.003 0.000 0.047 -0.006 -0.004 -0.005 0.004 -0.002 -0.008 -0.008 0.046 -0.015 -0.090 0.065 -0.016 0.093 -0.031 0.041 1.029 0.119 0.121 0.148 0.148 0.122 0.129 0.168 0.120
-0.010 -0.091 -0.021 0.005 0.009 0.042 0.026 -0.002 0.003 0.012 -0.009 -0.009 0.004 0.068 -0.013 -0.115 0.071 0.025 0.080 -0.010 0.029 0.119 1.047 0.015 0.020 0.016 0.021 0.017 0.038 0.021
-0.015 -0.042 -0.023 0.002 0.015 0.036 0.027 -0.001 -0.001 0.006 -0.018 -0.015 0.001 0.070 -0.013 -0.128 0.076 0.022 0.072 -0.014 0.028 0.121 0.015 1.044 0.032 0.031 0.039 0.035 0.035 0.039
0.006 -0.041 -0.017 0.001 -0.010 0.060 -0.006 -0.006 0.003 0.016 0.016 0.003 -0.003 0.042 -0.015 -0.075 0.057 -0.023 0.111 -0.018 0.047 0.148 0.020 0.032 1.046 0.047 0.053 0.054 0.040 0.052
0.004 0.003 -0.018 -0.001 -0.008 0.056 -0.008 -0.005 -0.000 0.011 0.011 -0.001 -0.006 0.041 -0.015 -0.079 0.059 -0.026 0.107 -0.023 0.047 0.148 0.016 0.031 0.047 1.044 0.081 0.085 0.086 0.080
-0.006 -0.100 -0.019 0.006 0.004 0.046 0.020 -0.002 0.005 0.015 -0.003 -0.005 0.004 0.064 -0.013 -0.104 0.068 0.020 0.086 -0.010 0.031 0.122 0.021 0.039 0.053 0.081 1.050 0.048 0.056 0.055
-0.003 -0.042 -0.019 0.003 0.002 0.047 0.009 -0.003 0.001 0.011 -0.001 -0.005 -0.001 0.056 -0.014 -0.096 0.066 0.004 0.091 -0.018 0.036 0.129 0.017 0.035 0.054 0.085 0.048 1.042 0.295 0.219
0.013 -0.189 -0.013 0.006 -0.025 0.079 -0.002 -0.008 0.015 0.033 0.044 0.018 0.003 0.038 -0.015 -0.060 0.046 -0.035 0.136 0.005 0.057 0.168 0.038 0.035 0.040 0.086 0.056 0.295 1.161 -0.189
-0.006 -0.102 -0.019 0.006 0.005 0.046 0.021 -0.002 0.005 0.015 -0.004 -0.005 0.004 0.065 -0.013 -0.104 0.068 0.021 0.085 -0.010 0.031 0.120 0.021 0.039 0.052 0.080 0.055 0.219 -0.189 1.166
