1.000 -0.620 -0.640 -0.668 -0.610 -0.656 -0.577 -0.626 -0.588 -0.593 -0.545 -0.628 -0.646 -0.519 -0.628 -0.588 -0.670 -0.565 -0.530 -0.526 -0.632 -0.577 -0.592 -0.560 -0.610 -0.520 -0.562 -0.629 -0.594 -0.670
-0.620 1.385 0.378 0.313 0.374 0.401 0.354 0.385 0.361 0.365 0.333 0.386 0.397 0.316 0.386 0.361 0.413 0.346 0.323 0.317 0.389 0.331 0.363 0.335 0.374 0.317 0.344 0.386 0.363 0.360
-0.640 0.378 1.410 0.633 0.418 0.452 0.398 0.428 0.405 0.408 0.378 0.429 0.441 0.368 0.429 0.406 0.455 0.391 0.372 0.377 0.432 0.444 0.407 0.406 0.419 0.368 0.389 0.433 0.414 0.550
-0.668 0.313 0.633 1.498 0.368 0.397 0.349 0.379 0.356 0.359 0.329 0.379 0.389 0.318 0.380 0.356 0.407 0.342 0.321 0.323 0.383 0.365 0.359 0.348 0.369 0.319 0.339 0.380 0.361 0.443
-0.610 0.374 0.418 0.368 1.374 0.388 0.347 0.376 0.353 0.354 0.327 0.377 0.384 0.306 0.376 0.349 0.401 0.339 0.314 0.307 0.380 0.334 0.354 0.327 0.366 0.306 0.337 0.374 0.351 0.388
-0.656 0.401 0.452 0.397 0.388 1.434 0.393 0.424 0.400 0.401 0.372 0.425 0.432 0.344 0.425 0.393 0.451 0.385 0.355 0.343 0.428 0.355 0.401 0.361 0.413 0.346 0.383 0.421 0.396 0.377
-0.577 0.354 0.398 0.349 0.347 0.393 1.336 0.350 0.328 0.328 0.303 0.351 0.357 0.285 0.350 0.324 0.373 0.315 0.291 0.288 0.353 0.324 0.329 0.309 0.340 0.285 0.312 0.348 0.327 0.388
-0.626 0.385 0.428 0.379 0.376 0.424 0.350 1.395 0.369 0.373 0.342 0.394 0.405 0.329 0.394 0.370 0.420 0.355 0.334 0.334 0.397 0.369 0.372 0.356 0.383 0.329 0.353 0.395 0.374 0.430
-0.588 0.361 0.405 0.356 0.353 0.400 0.328 0.369 1.349 0.344 0.315 0.364 0.374 0.302 0.364 0.341 0.388 0.327 0.307 0.307 0.367 0.340 0.343 0.328 0.353 0.303 0.325 0.365 0.345 0.397
-0.593 0.365 0.408 0.359 0.354 0.401 0.328 0.373 0.344 1.355 0.325 0.375 0.377 0.294 0.374 0.340 0.396 0.337 0.305 0.292 0.377 0.311 0.350 0.310 0.363 0.294 0.335 0.368 0.342 0.355
-0.545 0.333 0.378 0.329 0.327 0.372 0.303 0.342 0.315 0.325 1.300 0.348 0.359 0.293 0.348 0.329 0.372 0.314 0.297 0.297 0.351 0.327 0.329 0.316 0.338 0.293 0.312 0.350 0.331 0.383
-0.628 0.386 0.429 0.379 0.377 0.425 0.351 0.394 0.364 0.375 0.348 1.397 0.434 0.365 0.415 0.401 0.445 0.375 0.364 0.376 0.417 0.420 0.395 0.400 0.404 0.365 0.373 0.423 0.406 0.498
-0.646 0.397 0.441 0.389 0.384 0.432 0.357 0.405 0.374 0.377 0.359 0.434 1.422 0.334 0.397 0.376 0.427 0.355 0.337 0.342 0.400 0.382 0.374 0.366 0.385 0.335 0.353 0.401 0.380 0.454
-0.519 0.316 0.368 0.318 0.306 0.344 0.285 0.329 0.302 0.294 0.293 0.365 0.334 1.275 0.323 0.300 0.343 0.292 0.271 0.267 0.326 0.295 0.304 0.285 0.314 0.265 0.290 0.322 0.303 0.342
-0.628 0.386 0.429 0.380 0.376 0.425 0.350 0.394 0.364 0.374 0.348 0.415 0.397 0.323 1.398 0.421 0.466 0.397 0.384 0.392 0.439 0.429 0.416 0.414 0.425 0.383 0.395 0.443 0.425 0.496
-0.588 0.361 0.406 0.356 0.349 0.393 0.324 0.370 0.341 0.340 0.329 0.401 0.376 0.300 0.421 1.353 0.375 0.316 0.296 0.295 0.354 0.332 0.331 0.316 0.342 0.290 0.314 0.353 0.332 0.394
-0.670 0.413 0.455 0.407 0.401 0.451 0.373 0.420 0.388 0.396 0.372 0.445 0.427 0.343 0.466 0.375 1.455 0.385 0.356 0.345 0.431 0.354 0.403 0.362 0.415 0.346 0.383 0.426 0.399 0.380
-0.565 0.346 0.391 0.342 0.339 0.385 0.315 0.355 0.327 0.337 0.314 0.375 0.355 0.292 0.397 0.316 0.385 1.325 0.315 0.328 0.364 0.373 0.343 0.351 0.351 0.316 0.322 0.370 0.353 0.455
-0.530 0.323 0.372 0.321 0.314 0.355 0.291 0.334 0.307 0.305 0.297 0.364 0.337 0.271 0.384 0.296 0.356 0.315 1.288 0.275 0.353 0.281 0.329 0.289 0.340 0.277 0.313 0.346 0.321 0.298
-0.526 0.317 0.377 0.323 0.307 0.343 0.288 0.334 0.307 0.292 0.297 0.376 0.342 0.267 0.392 0.295 0.345 0.328 0.275 1.288 0.326 0.310 0.304 0.294 0.314 0.269 0.288 0.326 0.307 0.370
-0.632 0.389 0.432 0.383 0.380 0.428 0.353 0.397 0.367 0.377 0.351 0.417 0.400 0.326 0.439 0.354 0.431 0.364 0.353 0.326 1.406 0.404 0.391 0.387 0.402 0.355 0.370 0.419 0.399 0.478
-0.577 0.331 0.444 0.365 0.334 0.355 0.324 0.369 0.340 0.311 0.327 0.420 0.382 0.295 0.429 0.332 0.354 0.373 0.281 0.310 0.404 1.357 0.322 0.314 0.332 0.286 0.305 0.345 0.326 0.401
-0.592 0.363 0.407 0.359 0.354 0.401 0.329 0.372 0.343 0.350 0.329 0.395 0.374 0.304 0.416 0.331 0.403 0.343 0.329 0.304 0.391 0.322 1.357 0.325 0.370 0.305 0.341 0.378 0.353 0.383
-0.560 0.335 0.406 0.348 0.327 0.361 0.309 0.356 0.328 0.310 0.316 0.400 0.366 0.285 0.414 0.316 0.362 0.351 0.289 0.294 0.387 0.314 0.325 1.328 0.389 0.340 0.363 0.400 0.381 0.424
-0.610 0.374 0.419 0.369 0.366 0.413 0.340 0.383 0.353 0.363 0.338 0.404 0.385 0.314 0.425 0.342 0.415 0.351 0.340 0.314 0.402 0.332 0.370 0.389 1.381 0.286 0.301 0.346 0.327 0.398
-0.520 0.317 0.368 0.319 0.306 0.346 0.285 0.329 0.303 0.294 0.293 0.365 0.335 0.265 0.383 0.290 0.346 0.316 0.277 0.269 0.355 0.286 0.305 0.340 0.286 1.284 0.308 0.341 0.325 0.377
-0.562 0.344 0.389 0.339 0.337 0.383 0.312 0.353 0.325 0.335 0.312 0.373 0.353 0.290 0.395 0.314 0.383 0.322 0.313 0.288 0.370 0.305 0.341 0.363 0.301 0.308 1.327 0.417 0.394 0.397
-0.629 0.386 0.433 0.380 0.374 0.421 0.348 0.395 0.365 0.368 0.350 0.423 0.401 0.322 0.443 0.353 0.426 0.370 0.346 0.326 0.419 0.345 0.378 0.400 0.346 0.341 0.417 1.411 0.404 0.460
-0.594 0.363 0.414 0.361 0.351 0.396 0.327 0.374 0.345 0.342 0.331 0.406 0.380 0.303 0.425 0.332 0.399 0.353 0.321 0.307 0.399 0.326 0.353 0.381 0.327 0.325 0.394 0.404 1.368 0.464
-0.670 0.360 0.550 0.443 0.388 0.377 0.388 0.430 0.397 0.355 0.383 0.498 0.454 0.342 0.496 0.394 0.380 0.455 0.298 0.370 0.478 0.401 0.383 0.424 0.398 0.377 0.397 0.460 0.464 1.508
