1.000 0.001 0.001 0.001 0.002 0.001 0.002 0.001 0.001 0.001
0.001 1.000 -0.039 -0.042 -0.051 -0.042 -0.042 -0.039 -0.042 -0.069
0.001 -0.039 1.002 0.001 0.000 0.001 0.001 0.001 0.001 -0.001
0.001 -0.042 0.001 1.002 0.007 0.028 0.008 0.018 0.031 0.007
0.002 -0.051 0.000 0.007 1.003 -0.006 0.001 -0.002 -0.007 -0.006
0.001 -0.042 0.001 0.028 -0.006 1.003 -0.018 -0.021 -0.028 -0.030
0.002 -0.042 0.001 0.008 0.001 -0.018 1.002 -0.062 -0.109 0.063
0.001 -0.039 0.001 0.018 -0.002 -0.021 -0.062 1.007 0.213 0.180
0.001 -0.042 0.001 0.031 -0.007 -0.028 -0.109 0.213 1.057 0.043
0.001 -0.069 -0.001 0.007 -0.006 -0.030 0.063 0.180 0.043 1.042
