1.000 -0.085 -0.222 -0.147 -0.254 -0.235 -0.156 -0.045 -0.123 -0.142 -0.236 -0.148 -0.207 -0.163 -0.123 -0.294 -0.110 -0.213 -0.223 -0.147 -0.152 -0.108 -0.296 -0.270 -0.157 -0.113 -0.128 -0.233 -0.171 -0.186
-0.085 1.007 0.013 0.007 0.027 0.019 0.007 0.010 0.008 0.006 0.021 0.014 0.018 0.008 0.006 0.028 0.004 0.022 0.014 0.008 0.013 0.004 0.029 0.026 0.008 0.007 0.006 0.021 0.009 0.016
-0.222 0.013 1.049 0.019 0.061 0.042 0.021 0.020 0.015 0.018 0.043 0.024 0.035 0.022 0.014 0.062 0.011 0.044 0.036 0.019 0.024 0.011 0.077 0.054 0.021 0.013 0.015 0.043 0.024 0.031
-0.147 0.007 0.019 1.022 0.066 0.055 0.044 0.040 0.038 0.042 0.055 0.042 0.049 0.045 0.039 0.067 0.037 0.054 0.053 0.042 0.043 0.036 0.078 0.061 0.044 0.037 0.039 0.055 0.046 0.047
-0.254 0.027 0.061 0.066 1.065 0.055 0.029 0.018 0.024 0.025 0.057 0.034 0.048 0.031 0.022 0.075 0.017 0.056 0.047 0.028 0.034 0.017 0.082 0.068 0.030 0.021 0.022 0.056 0.034 0.043
-0.235 0.019 0.042 0.055 0.055 1.056 0.032 0.003 0.022 0.029 0.046 0.026 0.040 0.034 0.024 0.059 0.021 0.040 0.046 0.029 0.028 0.020 0.062 0.053 0.032 0.021 0.025 0.045 0.035 0.036
-0.156 0.007 0.021 0.044 0.029 0.032 1.025 0.001 0.024 0.030 0.038 0.025 0.035 0.033 0.026 0.043 0.024 0.031 0.041 0.029 0.027 0.024 0.037 0.041 0.032 0.023 0.027 0.038 0.034 0.032
-0.045 0.010 0.020 0.040 0.018 0.003 0.001 1.003 0.037 0.034 0.046 0.042 0.043 0.036 0.035 0.054 0.033 0.050 0.039 0.036 0.041 0.034 0.063 0.051 0.036 0.036 0.035 0.046 0.037 0.042
-0.123 0.008 0.015 0.038 0.024 0.022 0.024 0.037 1.017 0.015 0.027 0.017 0.024 0.017 0.013 0.035 0.011 0.026 0.025 0.016 0.017 0.011 0.037 0.032 0.017 0.012 0.013 0.027 0.018 0.021
-0.142 0.006 0.018 0.042 0.025 0.029 0.030 0.034 0.015 1.022 0.034 0.022 0.030 0.023 0.018 0.043 0.016 0.032 0.032 0.021 0.022 0.015 0.045 0.040 0.022 0.016 0.018 0.034 0.024 0.027
-0.236 0.021 0.043 0.055 0.057 0.046 0.038 0.046 0.027 0.034 1.057 0.018 0.033 0.029 0.019 0.044 0.017 0.026 0.041 0.024 0.020 0.016 0.031 0.041 0.028 0.015 0.021 0.037 0.031 0.029
-0.148 0.014 0.024 0.042 0.034 0.026 0.025 0.042 0.017 0.022 0.018 1.024 0.059 0.057 0.049 0.068 0.048 0.054 0.065 0.053 0.049 0.047 0.061 0.065 0.056 0.046 0.051 0.060 0.058 0.055
-0.207 0.018 0.035 0.049 0.048 0.040 0.035 0.043 0.024 0.030 0.033 0.059 1.046 0.024 0.016 0.060 0.013 0.044 0.038 0.021 0.026 0.013 0.064 0.055 0.023 0.015 0.017 0.045 0.026 0.034
-0.163 0.008 0.022 0.045 0.031 0.034 0.033 0.036 0.017 0.023 0.029 0.057 0.024 1.029 0.041 0.074 0.038 0.060 0.058 0.045 0.047 0.038 0.078 0.070 0.046 0.040 0.042 0.062 0.049 0.053
-0.123 0.006 0.014 0.039 0.022 0.024 0.026 0.035 0.013 0.018 0.019 0.049 0.016 0.041 1.018 0.088 0.038 0.078 0.057 0.046 0.057 0.039 0.099 0.084 0.045 0.044 0.041 0.072 0.047 0.062
-0.294 0.028 0.062 0.067 0.075 0.059 0.043 0.054 0.035 0.043 0.044 0.068 0.060 0.074 0.088 1.093 0.041 0.063 0.073 0.051 0.047 0.040 0.094 0.080 0.055 0.039 0.046 0.070 0.059 0.057
-0.110 0.004 0.011 0.037 0.017 0.021 0.024 0.033 0.011 0.016 0.017 0.048 0.013 0.038 0.038 0.041 1.016 0.024 0.024 0.015 0.016 0.011 0.035 0.031 0.016 0.011 0.013 0.026 0.018 0.020
-0.213 0.022 0.044 0.054 0.056 0.040 0.031 0.050 0.026 0.032 0.026 0.054 0.044 0.060 0.078 0.063 0.024 1.052 0.044 0.026 0.029 0.018 0.069 0.059 0.028 0.019 0.022 0.048 0.031 0.037
-0.223 0.014 0.036 0.053 0.047 0.046 0.041 0.039 0.025 0.032 0.041 0.065 0.038 0.058 0.057 0.073 0.024 0.044 1.054 0.039 0.039 0.030 0.075 0.067 0.042 0.031 0.035 0.058 0.045 0.048
-0.147 0.008 0.019 0.042 0.028 0.029 0.029 0.036 0.016 0.021 0.024 0.053 0.021 0.045 0.046 0.051 0.015 0.026 0.039 1.025 0.024 0.017 0.049 0.044 0.024 0.018 0.020 0.037 0.026 0.030
-0.152 0.013 0.024 0.043 0.034 0.028 0.027 0.041 0.017 0.022 0.020 0.049 0.026 0.047 0.057 0.047 0.016 0.029 0.039 0.024 1.027 0.038 0.061 0.061 0.046 0.038 0.041 0.055 0.048 0.049
-0.108 0.004 0.011 0.036 0.017 0.020 0.024 0.034 0.011 0.015 0.016 0.047 0.013 0.038 0.039 0.040 0.011 0.018 0.030 0.017 0.038 1.016 0.068 0.068 0.051 0.047 0.047 0.062 0.052 0.056
-0.296 0.029 0.077 0.078 0.082 0.062 0.037 0.063 0.037 0.045 0.031 0.061 0.064 0.078 0.099 0.094 0.035 0.069 0.075 0.049 0.061 0.068 1.099 -0.033 -0.032 -0.052 -0.041 -0.032 -0.028 -0.041
-0.270 0.026 0.054 0.061 0.068 0.053 0.041 0.051 0.032 0.040 0.041 0.065 0.055 0.070 0.084 0.080 0.031 0.059 0.067 0.044 0.061 0.068 -0.033 1.095 0.067 0.055 0.059 0.083 0.071 0.071
-0.157 0.008 0.021 0.044 0.030 0.032 0.032 0.036 0.017 0.022 0.028 0.056 0.023 0.046 0.045 0.055 0.016 0.028 0.042 0.024 0.046 0.051 -0.032 0.067 1.037 0.017 0.019 0.038 0.026 0.029
-0.113 0.007 0.013 0.037 0.021 0.021 0.023 0.036 0.012 0.016 0.015 0.046 0.015 0.040 0.044 0.039 0.011 0.019 0.031 0.018 0.038 0.047 -0.052 0.055 0.017 1.027 0.006 0.018 0.011 0.011
-0.128 0.006 0.015 0.039 0.022 0.025 0.027 0.035 0.013 0.018 0.021 0.051 0.017 0.042 0.041 0.046 0.013 0.022 0.035 0.020 0.041 0.047 -0.041 0.059 0.019 0.006 1.029 0.030 0.022 0.023
-0.233 0.021 0.043 0.055 0.056 0.045 0.038 0.046 0.027 0.034 0.037 0.060 0.045 0.062 0.072 0.070 0.026 0.048 0.058 0.037 0.055 0.062 -0.032 0.083 0.038 0.018 0.030 1.073 0.035 0.040
-0.171 0.009 0.024 0.046 0.034 0.035 0.034 0.037 0.018 0.024 0.031 0.058 0.026 0.049 0.047 0.059 0.018 0.031 0.045 0.026 0.048 0.052 -0.028 0.071 0.026 0.011 0.022 0.035 1.043 0.019
-0.186 0.016 0.031 0.047 0.043 0.036 0.032 0.042 0.021 0.027 0.029 0.055 0.034 0.053 0.062 0.057 0.020 0.037 0.048 0.030 0.049 0.056 -0.041 0.071 0.029 0.011 0.023 0.040 0.019 1.053
