1.000 -0.049 -0.050 -0.039 0.004 -0.048 -0.048 -0.017 -0.030 -0.048 -0.049 -0.049 -0.029 -0.006 -0.024 -0.003 -0.036 -0.001 0.018 -0.010
-0.049 1.002 0.010 -0.002 -0.030 0.009 0.009 -0.019 -0.009 0.009 0.010 0.010 -0.010 -0.023 -0.015 -0.029 -0.004 -0.023 -0.022 -0.023
-0.050 0.010 1.003 0.000 -0.040 0.010 0.010 -0.017 -0.008 0.010 0.011 0.011 -0.008 -0.027 -0.012 -0.025 -0.002 -0.032 -0.048 -0.024
-0.039 -0.002 0.000 1.002 -0.013 0.063 0.064 0.033 0.046 0.063 0.065 0.064 0.046 0.014 0.040 0.026 0.051 0.028 -0.026 0.025
0.004 -0.030 -0.040 -0.013 1.003 -0.025 -0.025 -0.011 -0.013 -0.025 -0.026 -0.026 -0.013 -0.012 -0.012 0.003 -0.018 0.001 -0.009 -0.009
-0.048 0.009 0.010 0.063 -0.025 1.007 -0.006 0.012 -0.002 -0.006 -0.006 -0.006 -0.001 0.017 0.004 0.020 -0.003 0.046 0.018 0.018
-0.048 0.009 0.010 0.064 -0.025 -0.006 1.007 -0.028 -0.033 -0.040 -0.041 -0.041 -0.033 -0.024 -0.030 -0.026 -0.035 -0.026 -0.020 -0.025
-0.017 -0.019 -0.017 0.033 -0.011 0.012 -0.028 1.003 -0.009 -0.019 -0.020 -0.020 -0.008 0.017 -0.004 0.013 -0.012 0.030 0.045 0.012
-0.030 -0.009 -0.008 0.046 -0.013 -0.002 -0.033 -0.009 1.005 0.024 0.025 0.025 0.013 0.003 0.011 0.002 0.017 0.009 -0.015 0.006
-0.048 0.009 0.010 0.063 -0.025 -0.006 -0.040 -0.019 0.024 1.010 0.035 0.035 0.034 0.032 0.034 0.035 0.034 0.038 0.026 0.034
-0.049 0.010 0.011 0.065 -0.026 -0.006 -0.041 -0.020 0.025 0.035 1.011 0.068 0.046 0.037 0.042 0.025 0.054 0.027 0.041 0.034
-0.049 0.010 0.011 0.064 -0.026 -0.006 -0.041 -0.020 0.025 0.035 0.068 1.014 0.017 0.024 0.019 0.030 0.014 0.026 0.029 0.024
-0.029 -0.010 -0.008 0.046 -0.013 -0.001 -0.033 -0.008 0.013 0.034 0.046 0.017 1.007 0.018 0.025 0.013 0.033 0.007 0.022 0.017
-0.006 -0.023 -0.027 0.014 -0.012 0.017 -0.024 0.017 0.003 0.032 0.037 0.024 0.018 1.005 0.011 0.024 0.005 0.028 0.019 0.017
-0.024 -0.015 -0.012 0.040 -0.012 0.004 -0.030 -0.004 0.011 0.034 0.042 0.019 0.025 0.011 1.006 0.035 0.006 0.043 -0.112 -0.003
-0.003 -0.029 -0.025 0.026 0.003 0.020 -0.026 0.013 0.002 0.035 0.025 0.030 0.013 0.024 0.035 1.007 -0.014 0.001 -0.077 -0.019
-0.036 -0.004 -0.002 0.051 -0.018 -0.003 -0.035 -0.012 0.017 0.034 0.054 0.014 0.033 0.005 0.006 -0.014 1.010 0.057 0.170 0.117
-0.001 -0.023 -0.032 0.028 0.001 0.046 -0.026 0.030 0.009 0.038 0.027 0.026 0.007 0.028 0.043 0.001 0.057 1.013 0.014 0.009
0.018 -0.022 -0.048 -0.026 -0.009 0.018 -0.020 0.045 -0.015 0.026 0.041 0.029 0.022 0.019 -0.112 -0.077 0.170 0.014 1.058 0.109
-0.010 -0.023 -0.024 0.025 -0.009 0.018 -0.025 0.012 0.006 0.034 0.034 0.024 0.017 0.017 -0.003 -0.019 0.117 0.009 0.109 1.025
