1.000 -0.054 -0.065 -0.061 -0.049 -0.042 -0.065 -0.065 -0.059 0.018 -0.055 -0.031 -0.065 -0.020 -0.025 -0.065 -0.061 -0.066 0.006 -0.052
-0.054 1.003 0.008 0.004 -0.013 -0.020 0.009 0.009 -0.000 -0.028 -0.005 -0.028 0.009 -0.030 -0.029 0.009 0.004 0.010 -0.030 -0.008
-0.065 0.008 1.004 0.053 0.048 0.045 0.054 0.054 0.052 -0.006 0.050 0.039 0.054 0.030 0.034 0.054 0.052 0.054 0.007 0.049
-0.061 0.004 0.053 1.006 -0.030 -0.031 -0.023 -0.023 -0.026 -0.018 -0.027 -0.030 -0.023 -0.026 -0.027 -0.023 -0.025 -0.022 -0.020 -0.028
-0.049 -0.013 0.048 -0.030 1.006 0.050 0.030 0.030 0.036 0.054 0.039 0.059 0.030 0.064 0.062 0.030 0.033 0.029 0.062 0.041
-0.042 -0.020 0.045 -0.031 0.050 1.007 0.019 0.019 0.018 0.012 0.019 0.024 0.019 0.025 0.025 0.019 0.019 0.019 0.019 0.019
-0.065 0.009 0.054 -0.023 0.030 0.019 1.008 0.021 0.021 0.014 0.022 0.027 0.021 0.027 0.028 0.021 0.021 0.021 0.021 0.023
-0.065 0.009 0.054 -0.023 0.030 0.019 0.021 1.008 0.024 0.030 0.026 0.032 0.024 0.033 0.033 0.024 0.024 0.024 0.032 0.026
-0.059 -0.000 0.052 -0.026 0.036 0.018 0.021 0.024 1.008 -0.016 -0.053 -0.032 -0.068 -0.029 -0.031 -0.069 -0.062 -0.069 -0.022 -0.050
0.018 -0.028 -0.006 -0.018 0.054 0.012 0.014 0.030 -0.016 1.006 0.049 0.068 0.037 0.072 0.070 0.037 0.042 0.037 0.082 0.051
-0.055 -0.005 0.050 -0.027 0.039 0.019 0.022 0.026 -0.053 0.049 1.014 0.058 0.045 0.049 0.053 0.044 0.048 0.044 0.015 0.055
-0.031 -0.028 0.039 -0.030 0.059 0.024 0.027 0.032 -0.032 0.068 0.058 1.016 0.052 0.060 0.059 0.051 0.049 0.052 0.057 0.046
-0.065 0.009 0.054 -0.023 0.030 0.019 0.021 0.024 -0.068 0.037 0.045 0.052 1.018 -0.048 -0.042 0.017 0.012 0.017 -0.069 -0.000
-0.020 -0.030 0.030 -0.026 0.064 0.025 0.027 0.033 -0.029 0.072 0.049 0.060 -0.048 1.021 -0.001 -0.056 -0.053 -0.056 0.027 -0.042
-0.025 -0.029 0.034 -0.027 0.062 0.025 0.028 0.033 -0.031 0.070 0.053 0.059 -0.042 -0.001 1.021 -0.024 -0.025 -0.024 -0.158 -0.032
-0.065 0.009 0.054 -0.023 0.030 0.019 0.021 0.024 -0.069 0.037 0.044 0.051 0.017 -0.056 -0.024 1.025 -0.160 -0.163 -0.008 -0.149
-0.061 0.004 0.052 -0.025 0.033 0.019 0.021 0.024 -0.062 0.042 0.048 0.049 0.012 -0.053 -0.025 -0.160 1.057 -0.012 0.019 -0.001
-0.066 0.010 0.054 -0.022 0.029 0.019 0.021 0.024 -0.069 0.037 0.044 0.052 0.017 -0.056 -0.024 -0.163 -0.012 1.065 0.002 -0.033
0.006 -0.030 0.007 -0.020 0.062 0.019 0.021 0.032 -0.022 0.082 0.015 0.057 -0.069 0.027 -0.158 -0.008 0.019 0.002 1.053 -0.157
-0.052 -0.008 0.049 -0.028 0.041 0.019 0.023 0.026 -0.050 0.051 0.055 0.046 -0.000 -0.042 -0.032 -0.149 -0.001 -0.033 -0.157 1.097
