1.000 0.001 -0.000 -0.001 -0.000 -0.001 -0.000 -0.001 -0.001 0.001
0.001 1.000 -0.024 -0.023 -0.031 -0.023 -0.027 -0.024 -0.023 -0.047
-0.000 -0.024 1.001 0.000 0.000 0.000 0.000 0.000 0.000 0.000
-0.001 -0.023 0.000 1.001 0.034 0.037 0.034 0.036 0.037 0.040
-0.000 -0.031 0.000 0.034 1.002 0.012 0.024 0.014 0.011 0.025
-0.001 -0.023 0.000 0.037 0.012 1.002 -0.009 -0.013 -0.014 -0.004
-0.000 -0.027 0.000 0.034 0.024 -0.009 1.002 0.038 0.028 0.128
-0.001 -0.024 0.000 0.036 0.014 -0.013 0.038 1.003 0.045 0.055
-0.001 -0.023 0.000 0.037 0.011 -0.014 0.028 0.045 1.005 0.013
0.001 -0.047 0.000 0.040 0.025 -0.004 0.128 0.055 0.013 1.022
