1.000 0.002 0.000 0.002 0.001 0.001 0.001 0.002 0.001 0.001 0.000 0.000 0.001 0.000 0.001 0.001 0.002 0.002 0.002 0.000 0.002 0.000 0.000 0.002 0.001 0.002 0.000 0.000 0.001 0.001
0.002 1.000 -0.005 -0.007 -0.006 -0.006 -0.005 0.003 -0.006 -0.006 -0.005 -0.004 -0.005 -0.005 -0.006 -0.007 -0.006 -0.003 0.003 -0.004 -0.006 -0.004 -0.004 -0.003 0.021 -0.002 -0.005 -0.004 -0.006 -0.005
0.000 -0.005 1.000 0.007 0.008 0.008 0.009 0.013 0.008 0.008 0.009 0.009 0.009 0.009 0.008 0.007 0.007 0.009 0.013 0.010 0.007 0.010 0.010 0.009 0.030 0.009 0.010 0.010 0.008 0.009
0.002 -0.007 0.007 1.000 0.003 0.003 0.004 -0.002 0.003 0.003 0.004 0.004 0.003 0.004 0.003 0.003 0.002 0.000 -0.002 0.004 0.003 0.004 0.004 0.000 -0.009 0.000 0.004 0.004 0.003 0.003
0.001 -0.006 0.008 0.003 1.000 -0.004 0.002 -0.034 -0.004 -0.007 0.003 0.004 0.000 0.003 -0.005 -0.009 -0.013 -0.024 -0.034 0.005 -0.011 0.004 0.005 -0.025 -0.047 -0.027 0.004 0.005 -0.003 -0.001
0.001 -0.006 0.008 0.003 -0.004 1.000 -0.046 -0.033 -0.042 -0.040 -0.047 -0.048 -0.045 -0.047 -0.041 -0.039 -0.036 -0.034 -0.034 -0.048 -0.038 -0.048 -0.048 -0.033 -0.026 -0.033 -0.048 -0.048 -0.042 -0.044
0.001 -0.005 0.009 0.004 0.002 -0.046 1.002 -0.031 -0.030 -0.030 -0.029 -0.029 -0.029 -0.029 -0.030 -0.030 -0.031 -0.031 -0.030 -0.029 -0.030 -0.029 -0.029 -0.031 -0.032 -0.031 -0.029 -0.029 -0.030 -0.030
0.002 0.003 0.013 -0.002 -0.034 -0.033 -0.031 1.003 0.027 0.026 0.030 0.030 0.028 0.029 0.026 0.025 0.024 0.023 0.023 0.030 0.024 0.030 0.030 0.022 0.022 0.022 0.030 0.030 0.027 0.028
0.001 -0.006 0.008 0.003 -0.004 -0.042 -0.030 0.027 1.004 -0.004 -0.006 -0.006 -0.005 -0.006 -0.004 -0.004 -0.003 -0.002 -0.001 -0.006 -0.003 -0.006 -0.006 -0.002 -0.006 -0.001 -0.006 -0.006 -0.004 -0.005
0.001 -0.006 0.008 0.003 -0.007 -0.040 -0.030 0.026 -0.004 1.003 -0.037 -0.037 -0.036 -0.037 -0.035 -0.034 -0.032 -0.027 -0.023 -0.038 -0.033 -0.037 -0.038 -0.027 -0.018 -0.026 -0.038 -0.038 -0.035 -0.036
0.000 -0.005 0.009 0.004 0.003 -0.047 -0.029 0.030 -0.006 -0.037 1.006 -0.054 -0.054 -0.054 -0.054 -0.055 -0.057 -0.067 -0.081 -0.054 -0.055 -0.054 -0.054 -0.066 -0.124 -0.068 -0.054 -0.054 -0.054 -0.054
0.000 -0.004 0.009 0.004 0.004 -0.048 -0.029 0.030 -0.006 -0.037 -0.054 1.009 0.015 0.015 0.015 0.015 0.016 0.018 0.022 0.015 0.015 0.015 0.015 0.018 0.031 0.019 0.015 0.015 0.015 0.015
0.001 -0.005 0.009 0.003 0.000 -0.045 -0.029 0.028 -0.005 -0.036 -0.054 0.015 1.009 -0.075 -0.069 -0.066 -0.063 -0.055 -0.049 -0.077 -0.065 -0.076 -0.077 -0.055 -0.036 -0.053 -0.076 -0.077 -0.070 -0.072
0.000 -0.005 0.009 0.004 0.003 -0.047 -0.029 0.029 -0.006 -0.037 -0.054 0.015 -0.075 1.017 -0.031 -0.030 -0.027 -0.020 -0.011 -0.034 -0.029 -0.034 -0.034 -0.020 0.019 -0.019 -0.034 -0.034 -0.032 -0.032
0.001 -0.006 0.008 0.003 -0.005 -0.041 -0.030 0.026 -0.004 -0.035 -0.054 0.015 -0.069 -0.031 1.017 0.016 0.017 0.019 0.023 0.016 0.016 0.016 0.016 0.019 0.030 0.020 0.016 0.016 0.016 0.016
0.001 -0.007 0.007 0.003 -0.009 -0.039 -0.030 0.025 -0.004 -0.034 -0.055 0.015 -0.066 -0.030 0.016 1.016 0.000 0.008 0.015 -0.012 -0.002 -0.012 -0.012 0.008 0.017 0.010 -0.012 -0.012 -0.007 -0.009
0.002 -0.006 0.007 0.002 -0.013 -0.036 -0.031 0.024 -0.003 -0.032 -0.057 0.016 -0.063 -0.027 0.017 0.000 1.015 0.062 0.065 0.067 0.062 0.067 0.067 0.062 0.078 0.062 0.067 0.067 0.064 0.065
0.002 -0.003 0.009 0.000 -0.024 -0.034 -0.031 0.023 -0.002 -0.027 -0.067 0.018 -0.055 -0.020 0.019 0.008 0.062 1.017 0.005 -0.010 -0.004 -0.010 -0.010 0.001 0.005 0.003 -0.010 -0.010 -0.007 -0.008
0.002 0.003 0.013 -0.002 -0.034 -0.034 -0.030 0.023 -0.001 -0.023 -0.081 0.022 -0.049 -0.011 0.023 0.015 0.065 0.005 1.019 -0.026 -0.017 -0.026 -0.026 -0.006 0.016 -0.005 -0.026 -0.026 -0.022 -0.023
0.000 -0.004 0.010 0.004 0.005 -0.048 -0.029 0.030 -0.006 -0.038 -0.054 0.015 -0.077 -0.034 0.016 -0.012 0.067 -0.010 -0.026 1.026 -0.036 -0.042 -0.042 -0.029 -0.017 -0.028 -0.042 -0.042 -0.039 -0.040
0.002 -0.006 0.007 0.003 -0.011 -0.038 -0.030 0.024 -0.003 -0.033 -0.055 0.015 -0.065 -0.029 0.016 -0.002 0.062 -0.004 -0.017 -0.036 1.023 -0.039 -0.039 -0.050 -0.073 -0.051 -0.039 -0.039 -0.041 -0.041
0.000 -0.004 0.010 0.004 0.004 -0.048 -0.029 0.030 -0.006 -0.037 -0.054 0.015 -0.076 -0.034 0.016 -0.012 0.067 -0.010 -0.026 -0.042 -0.039 1.034 -0.059 -0.044 -0.020 -0.043 -0.059 -0.059 -0.056 -0.057
0.000 -0.004 0.010 0.004 0.005 -0.048 -0.029 0.030 -0.006 -0.038 -0.054 0.015 -0.077 -0.034 0.016 -0.012 0.067 -0.010 -0.026 -0.042 -0.039 -0.059 1.044 0.008 -0.002 0.007 0.024 0.024 0.020 0.021
0.002 -0.003 0.009 0.000 -0.025 -0.033 -0.031 0.022 -0.002 -0.027 -0.066 0.018 -0.055 -0.020 0.019 0.008 0.062 0.001 -0.006 -0.029 -0.050 -0.044 0.008 1.031 0.046 0.024 0.005 0.005 0.009 0.008
0.001 0.021 0.030 -0.009 -0.047 -0.026 -0.032 0.022 -0.006 -0.018 -0.124 0.031 -0.036 0.019 0.030 0.017 0.078 0.005 0.016 -0.017 -0.073 -0.020 -0.002 0.046 1.043 0.029 0.012 0.012 0.013 0.012
0.002 -0.002 0.009 0.000 -0.027 -0.033 -0.031 0.022 -0.001 -0.026 -0.068 0.019 -0.053 -0.019 0.020 0.010 0.062 0.003 -0.005 -0.028 -0.051 -0.043 0.007 0.024 0.029 1.030 -0.007 -0.007 -0.003 -0.004
0.000 -0.005 0.010 0.004 0.004 -0.048 -0.029 0.030 -0.006 -0.038 -0.054 0.015 -0.076 -0.034 0.016 -0.012 0.067 -0.010 -0.026 -0.042 -0.039 -0.059 0.024 0.005 0.012 -0.007 1.047 -0.043 -0.041 -0.041
0.000 -0.004 0.010 0.004 0.005 -0.048 -0.029 0.030 -0.006 -0.038 -0.054 0.015 -0.077 -0.034 0.016 -0.012 0.067 -0.010 -0.026 -0.042 -0.039 -0.059 0.024 0.005 0.012 -0.007 -0.043 1.055 0.009 0.009
0.001 -0.006 0.008 0.003 -0.003 -0.042 -0.030 0.027 -0.004 -0.035 -0.054 0.015 -0.070 -0.032 0.016 -0.007 0.064 -0.007 -0.022 -0.039 -0.041 -0.056 0.020 0.009 0.013 -0.003 -0.041 0.009 1.050 0.190
0.001 -0.005 0.009 0.003 -0.001 -0.044 -0.030 0.028 -0.005 -0.036 -0.054 0.015 -0.072 -0.032 0.016 -0.009 0.065 -0.008 -0.023 -0.040 -0.041 -0.057 0.021 0.008 0.012 -0.004 -0.041 0.009 0.190 1.071
