1.000 0.002 0.002 0.002 -0.001 0.001 0.001 0.002 0.002 0.001 0.002 0.002 0.001 0.000 0.002 0.001 0.002 -0.000 0.001 0.000 0.001 0.001 0.000 0.002 0.002 0.001 0.001 -0.000 0.001 0.000
0.002 1.000 0.079 0.016 0.088 0.088 0.080 0.047 0.079 0.025 0.029 0.025 0.041 -0.035 0.035 0.085 0.020 0.099 0.021 0.090 0.013 0.082 -0.014 0.035 0.040 0.064 0.075 0.096 0.109 -0.094
0.002 0.079 1.006 0.011 0.036 0.021 0.017 0.013 0.016 0.016 0.012 0.013 0.019 0.022 0.012 0.016 0.011 0.030 0.015 0.026 0.017 0.019 0.023 0.012 0.013 0.018 0.018 0.027 0.018 0.023
0.002 0.016 0.011 1.000 -0.000 -0.000 -0.000 -0.000 -0.000 -0.001 -0.001 -0.001 -0.001 -0.001 -0.001 -0.000 -0.001 -0.000 -0.001 -0.000 -0.001 -0.000 -0.001 -0.001 -0.001 -0.000 -0.000 -0.000 0.000 -0.002
-0.001 0.088 0.036 -0.000 1.009 0.025 0.025 0.023 0.025 0.020 0.021 0.020 0.020 0.011 0.021 0.026 0.020 0.024 0.019 0.024 0.018 0.025 0.013 0.021 0.022 0.023 0.024 0.024 0.028 0.004
0.001 0.088 0.021 -0.000 0.025 1.008 0.043 0.039 0.042 0.040 0.037 0.039 0.043 0.038 0.038 0.043 0.037 0.049 0.040 0.048 0.040 0.045 0.039 0.038 0.039 0.044 0.044 0.049 0.045 0.033
0.001 0.080 0.017 -0.000 0.025 0.043 1.008 -0.012 -0.010 -0.016 -0.013 -0.015 -0.016 -0.023 -0.013 -0.009 -0.014 -0.012 -0.016 -0.012 -0.017 -0.011 -0.021 -0.013 -0.013 -0.013 -0.011 -0.012 -0.007 -0.029
0.002 0.047 0.013 -0.000 0.023 0.039 -0.012 1.004 0.004 0.001 0.002 0.001 0.002 -0.002 0.002 0.004 0.001 0.004 0.001 0.003 0.001 0.003 -0.001 0.002 0.002 0.003 0.003 0.004 0.005 -0.004
0.002 0.079 0.016 -0.000 0.025 0.042 -0.010 0.004 1.008 0.012 0.011 0.011 0.013 0.009 0.011 0.015 0.010 0.018 0.011 0.017 0.011 0.016 0.010 0.011 0.012 0.014 0.015 0.018 0.017 0.005
0.001 0.025 0.016 -0.001 0.020 0.040 -0.016 0.001 0.012 1.003 0.005 0.004 0.003 -0.000 0.005 0.006 0.004 0.003 0.003 0.004 0.002 0.004 0.001 0.005 0.005 0.004 0.004 0.003 0.006 -0.002
0.002 0.029 0.012 -0.001 0.021 0.037 -0.013 0.002 0.011 0.005 1.003 0.028 0.032 0.034 0.027 0.029 0.027 0.037 0.030 0.035 0.031 0.031 0.034 0.027 0.027 0.031 0.031 0.036 0.029 0.035
0.002 0.025 0.013 -0.001 0.020 0.039 -0.015 0.001 0.011 0.004 0.028 1.003 0.012 0.008 0.013 0.014 0.012 0.012 0.012 0.012 0.011 0.013 0.008 0.012 0.013 0.013 0.013 0.013 0.014 0.005
0.001 0.041 0.019 -0.001 0.020 0.043 -0.016 0.002 0.013 0.003 0.032 0.012 1.005 0.000 -0.002 0.000 -0.002 0.005 -0.000 0.004 0.000 0.002 0.001 -0.002 -0.001 0.001 0.001 0.004 0.001 -0.001
0.000 -0.035 0.022 -0.001 0.011 0.038 -0.023 -0.002 0.009 -0.000 0.034 0.008 0.000 1.005 -0.007 -0.009 -0.007 -0.025 -0.011 -0.021 -0.014 -0.013 -0.024 -0.007 -0.008 -0.013 -0.012 -0.023 -0.010 -0.030
0.002 0.035 0.012 -0.001 0.021 0.038 -0.013 0.002 0.011 0.005 0.027 0.013 -0.002 -0.007 1.004 -0.007 -0.010 -0.017 -0.012 -0.014 -0.014 -0.010 -0.021 -0.009 -0.009 -0.011 -0.010 -0.016 -0.007 -0.029
0.001 0.085 0.016 -0.000 0.026 0.043 -0.009 0.004 0.015 0.006 0.029 0.014 0.000 -0.009 -0.007 1.010 0.021 0.031 0.022 0.030 0.023 0.027 0.022 0.022 0.023 0.026 0.027 0.030 0.029 0.017
0.002 0.020 0.011 -0.001 0.020 0.037 -0.014 0.001 0.010 0.004 0.027 0.012 -0.002 -0.007 -0.010 0.021 1.004 -0.000 -0.002 -0.000 -0.002 -0.001 -0.001 -0.002 -0.002 -0.001 -0.001 -0.001 -0.000 -0.002
-0.000 0.099 0.030 -0.000 0.024 0.049 -0.012 0.004 0.018 0.003 0.037 0.012 0.005 -0.025 -0.017 0.031 -0.000 1.015 -0.001 0.007 -0.001 0.005 -0.001 -0.000 0.000 0.003 0.004 0.008 0.007 -0.008
0.001 0.021 0.015 -0.001 0.019 0.040 -0.016 0.001 0.011 0.003 0.030 0.012 -0.000 -0.011 -0.012 0.022 -0.002 -0.001 1.004 -0.027 -0.028 -0.025 -0.031 -0.024 -0.024 -0.026 -0.025 -0.028 -0.023 -0.035
0.000 0.090 0.026 -0.000 0.024 0.048 -0.012 0.003 0.017 0.004 0.035 0.012 0.004 -0.021 -0.014 0.030 -0.000 0.007 -0.027 1.014 -0.018 -0.013 -0.017 -0.018 -0.017 -0.014 -0.013 -0.010 -0.011 -0.022
0.001 0.013 0.017 -0.001 0.018 0.040 -0.017 0.001 0.011 0.002 0.031 0.011 0.000 -0.014 -0.014 0.023 -0.002 -0.001 -0.028 -0.018 1.006 0.014 0.004 0.014 0.014 0.013 0.014 0.009 0.015 -0.002
0.001 0.082 0.019 -0.000 0.025 0.045 -0.011 0.003 0.016 0.004 0.031 0.013 0.002 -0.013 -0.010 0.027 -0.001 0.005 -0.025 -0.013 0.014 1.012 0.031 0.036 0.037 0.038 0.039 0.039 0.042 0.024
0.000 -0.014 0.023 -0.001 0.013 0.039 -0.021 -0.001 0.010 0.001 0.034 0.008 0.001 -0.024 -0.021 0.022 -0.001 -0.001 -0.031 -0.017 0.004 0.031 1.008 -0.002 -0.002 -0.002 -0.003 -0.003 -0.004 0.004
0.002 0.035 0.012 -0.001 0.021 0.038 -0.013 0.002 0.011 0.005 0.027 0.012 -0.002 -0.007 -0.009 0.022 -0.002 -0.000 -0.024 -0.018 0.014 0.036 -0.002 1.007 0.005 0.006 0.006 0.006 0.006 0.004
0.002 0.040 0.013 -0.001 0.022 0.039 -0.013 0.002 0.012 0.005 0.027 0.013 -0.001 -0.008 -0.009 0.023 -0.002 0.000 -0.024 -0.017 0.014 0.037 -0.002 0.005 1.007 0.116 0.116 0.117 0.115 0.107
0.001 0.064 0.018 -0.000 0.023 0.044 -0.013 0.003 0.014 0.004 0.031 0.013 0.001 -0.013 -0.011 0.026 -0.001 0.003 -0.026 -0.014 0.013 0.038 -0.002 0.006 0.116 1.022 -0.008 -0.003 -0.008 -0.007
0.001 0.075 0.018 -0.000 0.024 0.044 -0.011 0.003 0.015 0.004 0.031 0.013 0.001 -0.012 -0.010 0.027 -0.001 0.004 -0.025 -0.013 0.014 0.039 -0.003 0.006 0.116 -0.008 1.024 0.002 0.001 -0.011
-0.000 0.096 0.027 -0.000 0.024 0.049 -0.012 0.004 0.018 0.003 0.036 0.013 0.004 -0.023 -0.016 0.030 -0.001 0.008 -0.028 -0.010 0.009 0.039 -0.003 0.006 0.117 -0.003 0.002 1.030 0.025 0.021
0.001 0.109 0.018 0.000 0.028 0.045 -0.007 0.005 0.017 0.006 0.029 0.014 0.001 -0.010 -0.007 0.029 -0.000 0.007 -0.023 -0.011 0.015 0.042 -0.004 0.006 0.115 -0.008 0.001 0.025 1.030 0.147
0.000 -0.094 0.023 -0.002 0.004 0.033 -0.029 -0.004 0.005 -0.002 0.035 0.005 -0.001 -0.030 -0.029 0.017 -0.002 -0.008 -0.035 -0.022 -0.002 0.024 0.004 0.004 0.107 -0.007 -0.011 0.021 0.147 1.050
