1.000 -0.007 -0.005 -0.006 -0.004 -0.006 -0.002 -0.007 -0.006 -0.006 -0.006 -0.006 -0.004 -0.007 -0.007 -0.007 -0.006 -0.006 -0.004 -0.007
-0.007 1.000 0.000 0.001 0.000 0.001 -0.000 0.001 0.001 0.001 0.001 0.001 0.000 0.001 0.001 0.001 0.000 0.001 -0.000 0.001
-0.005 0.000 1.000 -0.098 -0.107 -0.098 -0.175 -0.098 -0.099 -0.099 -0.099 -0.098 -0.104 -0.098 -0.098 -0.098 -0.100 -0.098 -0.111 -0.098
-0.006 0.001 -0.098 1.010 0.019 0.018 0.031 0.018 0.018 0.018 0.018 0.018 0.018 0.018 0.018 0.018 0.017 0.018 0.019 0.018
-0.004 0.000 -0.107 0.019 1.012 -0.049 0.222 -0.049 -0.045 -0.047 -0.045 -0.048 -0.018 -0.049 -0.048 -0.049 -0.042 -0.048 0.023 -0.048
-0.006 0.001 -0.098 0.018 -0.049 1.013 0.157 -0.078 -0.071 -0.073 -0.071 -0.076 -0.035 -0.079 -0.078 -0.079 -0.067 -0.077 0.006 -0.078
-0.002 -0.000 -0.175 0.031 0.222 0.157 1.095 0.002 0.006 0.005 0.007 0.004 0.033 0.002 0.003 0.002 0.010 0.003 0.068 0.003
-0.007 0.001 -0.098 0.018 -0.049 -0.078 0.002 1.022 0.020 0.021 0.020 0.021 0.018 0.021 0.021 0.021 0.020 0.021 0.014 0.021
-0.006 0.001 -0.099 0.018 -0.045 -0.071 0.006 0.020 1.020 -0.052 -0.053 -0.052 -0.063 -0.052 -0.052 -0.052 -0.053 -0.052 -0.082 -0.053
-0.006 0.001 -0.099 0.018 -0.047 -0.073 0.005 0.021 -0.052 1.026 0.126 0.129 0.099 0.131 0.130 0.131 0.122 0.129 0.069 0.130
-0.006 0.001 -0.099 0.018 -0.045 -0.071 0.007 0.020 -0.053 0.126 1.035 -0.068 -0.081 -0.069 -0.069 -0.069 -0.070 -0.069 -0.104 -0.070
-0.006 0.001 -0.098 0.018 -0.048 -0.076 0.004 0.021 -0.052 0.129 -0.068 1.048 -0.091 -0.104 -0.104 -0.104 -0.101 -0.104 -0.074 -0.104
-0.004 0.000 -0.104 0.018 -0.018 -0.035 0.033 0.018 -0.063 0.099 -0.081 -0.091 1.057 -0.078 -0.078 -0.079 -0.068 -0.077 0.009 -0.077
-0.007 0.001 -0.098 0.018 -0.049 -0.079 0.002 0.021 -0.052 0.131 -0.069 -0.104 -0.078 1.092 -0.076 -0.077 -0.064 -0.074 0.004 -0.075
-0.007 0.001 -0.098 0.018 -0.048 -0.078 0.003 0.021 -0.052 0.130 -0.069 -0.104 -0.078 -0.076 1.120 -0.036 -0.046 -0.038 -0.118 -0.038
-0.007 0.001 -0.098 0.018 -0.049 -0.079 0.002 0.021 -0.052 0.131 -0.069 -0.104 -0.079 -0.077 -0.036 1.146 -0.144 -0.158 -0.043 -0.160
-0.006 0.000 -0.100 0.017 -0.042 -0.067 0.010 0.020 -0.053 0.122 -0.070 -0.101 -0.068 -0.064 -0.046 -0.144 1.212 -0.132 -0.037 -0.134
-0.006 0.001 -0.098 0.018 -0.048 -0.077 0.003 0.021 -0.052 0.129 -0.069 -0.104 -0.077 -0.074 -0.038 -0.158 -0.132 1.361 -0.118 -0.144
-0.004 -0.000 -0.111 0.019 0.023 0.006 0.068 0.014 -0.082 0.069 -0.104 -0.074 0.009 0.004 -0.118 -0.043 -0.037 -0.118 1.248 0.632
-0.007 0.001 -0.098 0.018 -0.048 -0.078 0.003 0.021 -0.053 0.130 -0.070 -0.104 -0.077 -0.075 -0.038 -0.160 -0.134 -0.144 0.632 1.693
