1.000 -0.704 -0.723 -0.800 -0.701 -0.689 -0.712 -0.698 -0.701 -0.651 -0.699 -0.704 -0.694 -0.696 -0.713 -0.657 -0.769 -0.717 -0.672 -0.709 -0.689 -0.686 -0.725 -0.699 -0.679 -0.728 -0.651 -0.669 -0.679 -0.803
-0.704 1.496 0.496 0.505 0.489 0.481 0.498 0.487 0.490 0.454 0.488 0.492 0.484 0.485 0.498 0.458 0.537 0.501 0.469 0.493 0.481 0.458 0.506 0.484 0.474 0.505 0.455 0.467 0.474 0.536
-0.723 0.496 1.522 0.733 0.529 0.528 0.537 0.527 0.530 0.501 0.528 0.531 0.533 0.538 0.538 0.507 0.577 0.541 0.516 0.552 0.521 0.582 0.548 0.549 0.515 0.568 0.495 0.513 0.520 0.675
-0.800 0.505 0.733 1.668 0.530 0.524 0.538 0.528 0.530 0.496 0.529 0.532 0.529 0.532 0.539 0.502 0.580 0.542 0.512 0.543 0.521 0.544 0.548 0.538 0.514 0.558 0.493 0.509 0.517 0.633
-0.701 0.489 0.529 0.530 1.493 0.476 0.495 0.485 0.488 0.450 0.486 0.490 0.479 0.480 0.496 0.454 0.534 0.499 0.465 0.487 0.479 0.466 0.503 0.479 0.472 0.500 0.453 0.464 0.471 0.543
-0.689 0.481 0.528 0.524 0.476 1.476 0.491 0.481 0.483 0.447 0.481 0.485 0.476 0.477 0.491 0.451 0.528 0.494 0.462 0.484 0.475 0.452 0.498 0.475 0.468 0.495 0.449 0.460 0.467 0.527
-0.712 0.498 0.537 0.538 0.495 0.491 1.509 0.488 0.490 0.452 0.488 0.493 0.481 0.483 0.499 0.456 0.538 0.502 0.467 0.491 0.482 0.479 0.506 0.483 0.475 0.505 0.455 0.465 0.473 0.561
-0.698 0.487 0.527 0.528 0.485 0.481 0.488 1.489 0.489 0.454 0.487 0.491 0.484 0.486 0.497 0.459 0.535 0.500 0.469 0.495 0.480 0.482 0.505 0.488 0.473 0.509 0.454 0.467 0.474 0.564
-0.701 0.490 0.530 0.530 0.488 0.483 0.490 0.489 1.494 0.456 0.489 0.493 0.486 0.488 0.499 0.461 0.538 0.502 0.471 0.497 0.482 0.485 0.507 0.490 0.475 0.511 0.456 0.469 0.476 0.566
-0.651 0.454 0.501 0.496 0.450 0.447 0.452 0.454 0.456 1.426 0.455 0.458 0.442 0.441 0.464 0.418 0.500 0.467 0.430 0.444 0.449 0.409 0.470 0.434 0.442 0.455 0.424 0.430 0.436 0.479
-0.699 0.488 0.528 0.529 0.486 0.481 0.488 0.487 0.489 0.455 1.490 0.494 0.487 0.488 0.500 0.461 0.538 0.503 0.472 0.497 0.483 0.485 0.508 0.491 0.476 0.511 0.457 0.469 0.477 0.566
-0.704 0.492 0.531 0.532 0.490 0.485 0.493 0.491 0.493 0.458 0.494 1.498 0.512 0.516 0.517 0.487 0.556 0.520 0.495 0.530 0.500 0.536 0.527 0.526 0.493 0.544 0.473 0.492 0.499 0.624
-0.694 0.484 0.533 0.529 0.479 0.476 0.481 0.484 0.486 0.442 0.487 0.512 1.484 0.491 0.501 0.463 0.541 0.504 0.473 0.500 0.484 0.490 0.510 0.494 0.477 0.514 0.457 0.471 0.478 0.575
-0.696 0.485 0.538 0.532 0.480 0.477 0.483 0.486 0.488 0.441 0.488 0.516 0.491 1.488 0.485 0.440 0.524 0.488 0.452 0.471 0.469 0.433 0.492 0.462 0.462 0.483 0.442 0.451 0.457 0.510
-0.713 0.498 0.538 0.539 0.496 0.491 0.499 0.497 0.499 0.464 0.500 0.517 0.501 0.485 1.511 0.492 0.568 0.530 0.501 0.532 0.510 0.522 0.537 0.526 0.503 0.546 0.482 0.499 0.506 0.609
-0.657 0.458 0.507 0.502 0.454 0.451 0.456 0.459 0.461 0.418 0.461 0.487 0.463 0.440 0.492 1.435 0.497 0.464 0.436 0.461 0.446 0.454 0.469 0.456 0.439 0.475 0.421 0.433 0.440 0.533
-0.769 0.537 0.577 0.580 0.534 0.528 0.538 0.535 0.538 0.500 0.538 0.556 0.541 0.524 0.568 0.497 1.594 0.563 0.524 0.549 0.541 0.514 0.568 0.539 0.533 0.563 0.511 0.523 0.531 0.602
-0.717 0.501 0.541 0.542 0.499 0.494 0.502 0.500 0.502 0.467 0.503 0.520 0.504 0.488 0.530 0.464 0.563 1.517 0.483 0.516 0.491 0.520 0.519 0.511 0.484 0.531 0.463 0.480 0.488 0.611
-0.672 0.469 0.516 0.512 0.465 0.462 0.467 0.469 0.471 0.430 0.472 0.495 0.473 0.452 0.501 0.436 0.524 0.483 1.455 0.484 0.476 0.464 0.500 0.476 0.469 0.497 0.449 0.459 0.467 0.544
-0.709 0.493 0.552 0.543 0.487 0.484 0.491 0.495 0.497 0.444 0.497 0.530 0.500 0.471 0.532 0.461 0.549 0.516 0.484 1.508 0.483 0.492 0.509 0.493 0.477 0.514 0.456 0.470 0.477 0.579
-0.689 0.481 0.521 0.521 0.479 0.475 0.482 0.480 0.482 0.449 0.483 0.500 0.484 0.469 0.510 0.446 0.541 0.491 0.476 0.483 1.478 0.500 0.511 0.500 0.478 0.520 0.458 0.473 0.480 0.587
-0.686 0.458 0.582 0.544 0.466 0.452 0.479 0.482 0.485 0.409 0.485 0.536 0.490 0.433 0.522 0.454 0.514 0.520 0.464 0.492 0.500 1.490 0.492 0.481 0.461 0.500 0.442 0.456 0.463 0.565
-0.725 0.506 0.548 0.548 0.503 0.498 0.506 0.505 0.507 0.470 0.508 0.527 0.510 0.492 0.537 0.469 0.568 0.519 0.500 0.509 0.511 0.492 1.529 0.490 0.484 0.513 0.463 0.473 0.481 0.566
-0.699 0.484 0.549 0.538 0.479 0.475 0.483 0.488 0.490 0.434 0.491 0.526 0.494 0.462 0.526 0.456 0.539 0.511 0.476 0.493 0.500 0.481 0.490 1.496 0.502 0.539 0.482 0.496 0.503 0.594
-0.679 0.474 0.515 0.514 0.472 0.468 0.475 0.473 0.475 0.442 0.476 0.493 0.477 0.462 0.503 0.439 0.533 0.484 0.469 0.477 0.478 0.461 0.484 0.502 1.465 0.483 0.424 0.439 0.446 0.541
-0.728 0.505 0.568 0.558 0.500 0.495 0.505 0.509 0.511 0.455 0.511 0.544 0.514 0.483 0.546 0.475 0.563 0.531 0.497 0.514 0.520 0.500 0.513 0.539 0.483 1.538 0.476 0.493 0.499 0.604
-0.651 0.455 0.495 0.493 0.453 0.449 0.455 0.454 0.456 0.424 0.457 0.473 0.457 0.442 0.482 0.421 0.511 0.463 0.449 0.456 0.458 0.442 0.463 0.482 0.424 0.476 1.428 0.476 0.482 0.535
-0.669 0.467 0.513 0.509 0.464 0.460 0.465 0.467 0.469 0.430 0.469 0.492 0.471 0.451 0.499 0.433 0.523 0.480 0.459 0.470 0.473 0.456 0.473 0.496 0.439 0.493 0.476 1.454 0.440 0.488
-0.679 0.474 0.520 0.517 0.471 0.467 0.473 0.474 0.476 0.436 0.477 0.499 0.478 0.457 0.506 0.440 0.531 0.488 0.467 0.477 0.480 0.463 0.481 0.503 0.446 0.499 0.482 0.440 1.468 0.661
-0.803 0.536 0.675 0.633 0.543 0.527 0.561 0.564 0.566 0.479 0.566 0.624 0.575 0.510 0.609 0.533 0.602 0.611 0.544 0.579 0.587 0.565 0.566 0.594 0.541 0.604 0.535 0.488 0.661 1.684
