1.000 -0.004 -0.012 -0.003 -0.004 -0.011 -0.014 -0.004 -0.003 -0.025 -0.013 -0.019 -0.029 -0.005 -0.004 -0.024 -0.004 -0.013 -0.031 -0.004 -0.004 -0.012 -0.005 -0.013 -0.005 -0.012 -0.005 -0.004 -0.007 -0.016
-0.004 1.000 -0.001 0.002 0.001 -0.001 -0.001 0.001 0.002 -0.004 -0.001 -0.002 -0.005 0.001 0.002 -0.004 0.002 -0.001 -0.005 0.002 0.002 -0.001 0.001 -0.001 0.001 -0.001 0.001 0.002 0.000 -0.002
-0.012 -0.001 1.000 -0.002 -0.001 -0.001 -0.000 -0.001 -0.002 0.001 -0.001 0.000 0.002 -0.001 -0.002 0.001 -0.001 -0.001 0.003 -0.002 -0.002 -0.001 -0.002 -0.001 -0.001 -0.001 -0.001 -0.002 -0.001 -0.000
-0.003 0.002 -0.002 1.000 -0.014 -0.015 -0.015 -0.014 -0.014 -0.016 -0.015 -0.016 -0.016 -0.014 -0.014 -0.016 -0.014 -0.015 -0.016 -0.014 -0.014 -0.015 -0.014 -0.015 -0.014 -0.015 -0.014 -0.014 -0.015 -0.016
-0.004 0.001 -0.001 -0.014 1.000 0.001 0.001 0.001 0.001 0.001 0.001 0.001 0.001 0.001 0.001 0.001 0.001 0.001 0.000 0.001 0.001 0.001 0.001 0.001 0.001 0.001 0.001 0.001 0.001 0.001
-0.011 -0.001 -0.001 -0.015 0.001 1.000 -0.010 0.000 0.002 -0.023 -0.009 -0.016 -0.027 -0.000 0.001 -0.022 0.001 -0.009 -0.030 0.001 0.001 -0.009 0.000 -0.009 -0.000 -0.008 0.000 0.001 -0.003 -0.013
-0.014 -0.001 -0.000 -0.015 0.001 -0.010 1.001 -0.001 -0.001 0.020 0.007 0.013 0.024 0.000 -0.001 0.019 -0.001 0.007 0.027 -0.001 -0.001 0.007 -0.000 0.007 -0.000 0.007 -0.000 -0.001 0.002 0.010
-0.004 0.001 -0.001 -0.014 0.001 0.000 -0.001 1.000 0.001 0.004 0.002 0.003 0.004 0.001 0.001 0.004 0.001 0.002 0.005 0.001 0.001 0.002 0.001 0.002 0.001 0.002 0.001 0.001 0.002 0.003
-0.003 0.002 -0.002 -0.014 0.001 0.002 -0.001 0.001 1.000 0.047 0.026 0.035 0.055 0.020 0.019 0.044 0.019 0.026 0.060 0.020 0.019 0.026 0.019 0.027 0.020 0.025 0.019 0.019 0.020 0.030
-0.025 -0.004 0.001 -0.016 0.001 -0.023 0.020 0.004 0.047 1.004 0.065 0.073 0.090 0.056 0.054 0.082 0.054 0.065 0.094 0.054 0.054 0.065 0.055 0.065 0.056 0.064 0.055 0.054 0.058 0.070
-0.013 -0.001 -0.001 -0.015 0.001 -0.009 0.007 0.002 0.026 0.065 1.005 -0.029 -0.033 -0.022 -0.021 -0.032 -0.021 -0.027 -0.033 -0.021 -0.021 -0.026 -0.022 -0.027 -0.022 -0.026 -0.022 -0.021 -0.024 -0.028
-0.019 -0.002 0.000 -0.016 0.001 -0.016 0.013 0.003 0.035 0.073 -0.029 1.008 0.004 0.013 0.013 0.006 0.013 0.011 0.003 0.013 0.013 0.011 0.013 0.010 0.013 0.011 0.013 0.013 0.012 0.009
-0.029 -0.005 0.002 -0.016 0.001 -0.027 0.024 0.004 0.055 0.090 -0.033 0.004 1.014 0.007 0.009 -0.052 0.008 -0.009 -0.088 0.008 0.009 -0.010 0.009 -0.011 0.007 -0.008 0.008 0.009 0.005 -0.020
-0.005 0.001 -0.001 -0.014 0.001 -0.000 0.000 0.001 0.020 0.056 -0.022 0.013 0.007 1.004 -0.005 0.021 -0.005 0.001 0.042 -0.004 -0.005 0.001 -0.006 0.002 -0.005 0.000 -0.005 -0.005 -0.005 0.006
-0.004 0.002 -0.002 -0.014 0.001 0.001 -0.001 0.001 0.019 0.054 -0.021 0.013 0.009 -0.005 1.004 0.005 0.004 0.004 0.006 0.004 0.004 0.005 0.004 0.005 0.004 0.004 0.004 0.004 0.004 0.005
-0.024 -0.004 0.001 -0.016 0.001 -0.022 0.019 0.004 0.044 0.082 -0.032 0.006 -0.052 0.021 0.005 1.016 0.004 0.001 -0.010 0.004 0.004 0.001 0.004 0.000 0.004 0.001 0.004 0.004 0.003 -0.001
-0.004 0.002 -0.001 -0.014 0.001 0.001 -0.001 0.001 0.019 0.054 -0.021 0.013 0.008 -0.005 0.004 0.004 1.004 0.005 0.007 0.005 0.005 0.005 0.005 0.005 0.005 0.005 0.005 0.005 0.005 0.006
-0.013 -0.001 -0.001 -0.015 0.001 -0.009 0.007 0.002 0.026 0.065 -0.027 0.011 -0.009 0.001 0.004 0.001 0.005 1.007 -0.009 0.027 0.027 0.019 0.027 0.019 0.026 0.020 0.026 0.027 0.025 0.015
-0.031 -0.005 0.003 -0.016 0.000 -0.030 0.027 0.005 0.060 0.094 -0.033 0.003 -0.088 0.042 0.006 -0.010 0.007 -0.009 1.029 -0.043 -0.043 -0.008 -0.043 -0.006 -0.039 -0.011 -0.041 -0.043 -0.034 0.009
-0.004 0.002 -0.002 -0.014 0.001 0.001 -0.001 0.001 0.020 0.054 -0.021 0.013 0.008 -0.004 0.004 0.004 0.005 0.027 -0.043 1.007 0.007 0.007 0.007 0.007 0.007 0.007 0.007 0.007 0.007 0.007
-0.004 0.002 -0.002 -0.014 0.001 0.001 -0.001 0.001 0.019 0.054 -0.021 0.013 0.009 -0.005 0.004 0.004 0.005 0.027 -0.043 0.007 1.007 0.006 0.008 0.006 0.008 0.006 0.008 0.008 0.008 0.005
-0.012 -0.001 -0.001 -0.015 0.001 -0.009 0.007 0.002 0.026 0.065 -0.026 0.011 -0.010 0.001 0.005 0.001 0.005 0.019 -0.008 0.007 0.006 1.007 0.010 0.010 0.010 0.011 0.010 0.009 0.012 0.009
-0.005 0.001 -0.002 -0.014 0.001 0.000 -0.000 0.001 0.019 0.055 -0.022 0.013 0.009 -0.006 0.004 0.004 0.005 0.027 -0.043 0.007 0.008 0.010 1.007 -0.005 -0.012 -0.005 -0.011 -0.013 -0.008 -0.004
-0.013 -0.001 -0.001 -0.015 0.001 -0.009 0.007 0.002 0.027 0.065 -0.027 0.010 -0.011 0.002 0.005 0.000 0.005 0.019 -0.006 0.007 0.006 0.010 -0.005 1.007 0.006 0.007 0.006 0.006 0.007 0.007
-0.005 0.001 -0.001 -0.014 0.001 -0.000 -0.000 0.001 0.020 0.056 -0.022 0.013 0.007 -0.005 0.004 0.004 0.005 0.026 -0.039 0.007 0.008 0.010 -0.012 0.006 1.007 0.013 0.008 0.007 0.010 0.015
-0.012 -0.001 -0.001 -0.015 0.001 -0.008 0.007 0.002 0.025 0.064 -0.026 0.011 -0.008 0.000 0.004 0.001 0.005 0.020 -0.011 0.007 0.006 0.011 -0.005 0.007 0.013 1.007 0.049 0.053 0.040 0.002
-0.005 0.001 -0.001 -0.014 0.001 0.000 -0.000 0.001 0.019 0.055 -0.022 0.013 0.008 -0.005 0.004 0.004 0.005 0.026 -0.041 0.007 0.008 0.010 -0.011 0.006 0.008 0.049 1.009 0.014 0.011 0.002
-0.004 0.002 -0.002 -0.014 0.001 0.001 -0.001 0.001 0.019 0.054 -0.021 0.013 0.009 -0.005 0.004 0.004 0.005 0.027 -0.043 0.007 0.008 0.009 -0.013 0.006 0.007 0.053 0.014 1.010 -0.012 -0.029
-0.007 0.000 -0.001 -0.015 0.001 -0.003 0.002 0.002 0.020 0.058 -0.024 0.012 0.005 -0.005 0.004 0.003 0.005 0.025 -0.034 0.007 0.008 0.012 -0.008 0.007 0.010 0.040 0.011 -0.012 1.009 0.003
-0.016 -0.002 -0.000 -0.016 0.001 -0.013 0.010 0.003 0.030 0.070 -0.028 0.009 -0.020 0.006 0.005 -0.001 0.006 0.015 0.009 0.007 0.005 0.009 -0.004 0.007 0.015 0.002 0.002 -0.029 0.003 1.010
