1.000 0.169 0.205 0.198 0.190 0.185 0.202 0.151 0.201 0.166
0.169 1.028 0.283 0.279 0.272 0.267 0.284 0.227 0.277 0.225
0.205 0.283 1.104 -0.468 -0.453 -0.438 -0.480 -0.352 -0.465 -0.343
0.198 0.279 -0.468 1.424 0.183 0.183 0.174 0.157 0.180 0.160
0.190 0.272 -0.453 0.183 1.450 0.319 0.411 0.185 0.379 0.186
0.185 0.267 -0.438 0.183 0.319 1.435 0.689 0.529 0.668 0.520
0.202 0.284 -0.480 0.174 0.411 0.689 1.563 0.583 0.807 0.584
0.151 0.227 -0.352 0.157 0.185 0.529 0.583 1.360 0.389 0.274
0.201 0.277 -0.465 0.180 0.379 0.668 0.807 0.389 1.603 0.107
0.166 0.225 -0.343 0.160 0.186 0.520 0.584 0.274 0.107 1.485
