1.000 -0.001 -0.001 -0.001 -0.001 -0.001 -0.000 -0.000 -0.001 -0.000
-0.001 1.000 -0.060 -0.060 -0.081 -0.060 -0.067 -0.057 -0.060 -0.115
-0.001 -0.060 1.004 0.004 0.006 0.004 0.006 0.005 0.004 0.007
-0.001 -0.060 0.004 1.004 0.034 0.051 0.033 0.041 0.051 0.040
-0.001 -0.081 0.006 0.034 1.007 0.015 0.025 0.021 0.015 0.020
-0.001 -0.060 0.004 0.051 0.015 1.006 0.002 -0.003 -0.008 0.003
-0.000 -0.067 0.006 0.033 0.025 0.002 1.006 -0.002 -0.023 0.101
-0.000 -0.057 0.005 0.041 0.021 -0.003 -0.002 1.005 0.132 0.171
-0.001 -0.060 0.004 0.051 0.015 -0.008 -0.023 0.132 1.023 0.032
-0.000 -0.115 0.007 0.040 0.020 0.003 0.101 0.171 0.032 1.050
