1.000 0.009 0.009 0.009 0.010 0.010 0.011 0.011 0.011 0.009
0.009 1.000 0.004 0.004 0.018 0.018 -0.003 -0.003 -0.002 0.004
0.009 0.004 1.000 -0.010 -0.005 -0.005 -0.014 -0.014 -0.014 -0.010
0.009 0.004 -0.010 1.000 -0.033 -0.033 -0.021 -0.022 -0.021 -0.017
0.010 0.018 -0.005 -0.033 1.002 0.045 0.037 0.037 0.037 0.042
0.010 0.018 -0.005 -0.033 0.045 1.003 0.018 0.019 0.018 0.008
0.011 -0.003 -0.014 -0.021 0.037 0.018 1.002 0.003 0.003 0.004
0.011 -0.003 -0.014 -0.022 0.037 0.019 0.003 1.002 0.023 0.021
0.011 -0.002 -0.014 -0.021 0.037 0.018 0.003 0.023 1.003 -0.190
0.009 0.004 -0.010 -0.017 0.042 0.008 0.004 0.021 -0.190 1.040
