1.000 -0.743 -0.810 -0.741 -0.752 -0.711 -0.756 -0.754 -0.756 -0.703 -0.726 -0.755 -0.749 -0.672 -0.719 -0.761 -0.762 -0.751 -0.696 -0.740 -0.790 -0.710 -0.695 -0.721 -0.771 -0.728 -0.703 -0.779 -0.796 -0.611
-0.743 1.552 0.592 0.494 0.553 0.524 0.555 0.554 0.556 0.518 0.533 0.555 0.553 0.493 0.528 0.560 0.559 0.551 0.513 0.541 0.581 0.505 0.510 0.527 0.566 0.535 0.516 0.574 0.587 0.422
-0.810 0.592 1.656 0.757 0.632 0.605 0.635 0.634 0.636 0.596 0.611 0.635 0.636 0.582 0.606 0.645 0.640 0.631 0.596 0.645 0.662 0.655 0.587 0.628 0.647 0.624 0.593 0.658 0.670 0.597
-0.741 0.494 0.757 1.577 0.519 0.497 0.522 0.521 0.523 0.491 0.502 0.521 0.525 0.476 0.498 0.531 0.526 0.519 0.489 0.526 0.545 0.521 0.482 0.513 0.531 0.513 0.486 0.540 0.552 0.468
-0.752 0.553 0.632 0.519 1.568 0.528 0.564 0.562 0.564 0.523 0.541 0.563 0.555 0.496 0.537 0.563 0.568 0.560 0.515 0.544 0.590 0.518 0.518 0.531 0.575 0.537 0.525 0.579 0.592 0.446
-0.711 0.524 0.605 0.497 0.528 1.508 0.536 0.534 0.536 0.498 0.515 0.535 0.529 0.471 0.510 0.537 0.540 0.532 0.491 0.515 0.560 0.480 0.493 0.503 0.546 0.511 0.499 0.551 0.563 0.402
-0.756 0.555 0.635 0.522 0.564 0.536 1.574 0.567 0.569 0.526 0.546 0.568 0.559 0.500 0.541 0.568 0.573 0.565 0.519 0.550 0.595 0.531 0.522 0.537 0.581 0.542 0.529 0.583 0.597 0.462
-0.754 0.554 0.634 0.521 0.562 0.534 0.567 1.571 0.572 0.533 0.549 0.571 0.568 0.510 0.544 0.576 0.576 0.568 0.528 0.561 0.598 0.542 0.526 0.547 0.583 0.552 0.532 0.589 0.602 0.470
-0.756 0.556 0.636 0.523 0.564 0.536 0.569 0.572 1.575 0.534 0.550 0.572 0.569 0.511 0.545 0.577 0.577 0.569 0.529 0.563 0.599 0.544 0.527 0.549 0.584 0.553 0.533 0.591 0.604 0.472
-0.703 0.518 0.596 0.491 0.523 0.498 0.526 0.533 0.534 1.496 0.511 0.532 0.518 0.459 0.507 0.527 0.536 0.528 0.480 0.500 0.556 0.466 0.488 0.489 0.543 0.498 0.495 0.544 0.557 0.395
-0.726 0.533 0.611 0.502 0.541 0.515 0.546 0.549 0.550 0.511 1.529 0.549 0.546 0.490 0.523 0.554 0.553 0.545 0.508 0.540 0.574 0.522 0.505 0.527 0.560 0.531 0.511 0.567 0.579 0.453
-0.755 0.555 0.635 0.521 0.563 0.535 0.568 0.571 0.572 0.532 0.549 1.573 0.586 0.531 0.554 0.593 0.587 0.578 0.546 0.587 0.609 0.577 0.537 0.572 0.593 0.574 0.542 0.604 0.617 0.505
-0.749 0.553 0.636 0.525 0.555 0.529 0.559 0.568 0.569 0.518 0.546 0.586 1.564 0.507 0.543 0.575 0.576 0.567 0.526 0.559 0.598 0.541 0.525 0.545 0.583 0.551 0.531 0.589 0.602 0.465
-0.672 0.493 0.582 0.476 0.496 0.471 0.500 0.510 0.511 0.459 0.490 0.531 0.507 1.454 0.479 0.498 0.507 0.500 0.453 0.472 0.526 0.434 0.461 0.462 0.514 0.470 0.468 0.515 0.527 0.354
-0.719 0.528 0.606 0.498 0.537 0.510 0.541 0.544 0.545 0.507 0.523 0.554 0.543 0.479 1.520 0.569 0.563 0.555 0.524 0.560 0.584 0.544 0.516 0.545 0.569 0.549 0.520 0.580 0.592 0.471
-0.761 0.560 0.645 0.531 0.563 0.537 0.568 0.576 0.577 0.527 0.554 0.593 0.575 0.498 0.569 1.582 0.573 0.565 0.526 0.562 0.595 0.546 0.523 0.547 0.580 0.551 0.529 0.588 0.600 0.472
-0.762 0.559 0.640 0.526 0.568 0.540 0.573 0.576 0.577 0.536 0.553 0.587 0.576 0.507 0.563 0.573 1.583 0.577 0.532 0.561 0.609 0.530 0.534 0.548 0.594 0.556 0.541 0.598 0.612 0.447
-0.751 0.551 0.631 0.519 0.560 0.532 0.565 0.568 0.569 0.528 0.545 0.578 0.567 0.500 0.555 0.565 0.577 1.566 0.526 0.566 0.593 0.559 0.520 0.551 0.578 0.554 0.525 0.586 0.600 0.490
-0.696 0.513 0.596 0.489 0.515 0.491 0.519 0.528 0.529 0.480 0.508 0.546 0.526 0.453 0.524 0.526 0.532 0.526 1.488 0.522 0.566 0.498 0.497 0.509 0.553 0.516 0.504 0.556 0.569 0.424
-0.740 0.541 0.645 0.526 0.544 0.515 0.550 0.561 0.563 0.500 0.540 0.587 0.559 0.472 0.560 0.562 0.561 0.566 0.522 1.553 0.582 0.536 0.510 0.534 0.568 0.536 0.517 0.574 0.586 0.464
-0.790 0.581 0.662 0.545 0.590 0.560 0.595 0.598 0.599 0.556 0.574 0.609 0.598 0.526 0.584 0.595 0.609 0.593 0.566 0.582 1.628 0.590 0.557 0.588 0.618 0.592 0.563 0.628 0.642 0.511
-0.710 0.505 0.655 0.521 0.518 0.480 0.531 0.542 0.544 0.466 0.522 0.577 0.541 0.434 0.544 0.546 0.530 0.559 0.498 0.536 0.590 1.520 0.498 0.522 0.551 0.524 0.503 0.558 0.570 0.457
-0.695 0.510 0.587 0.482 0.518 0.493 0.522 0.526 0.527 0.488 0.505 0.537 0.525 0.461 0.516 0.523 0.534 0.520 0.497 0.510 0.557 0.498 1.486 0.480 0.526 0.488 0.477 0.528 0.541 0.405
-0.721 0.527 0.628 0.513 0.531 0.503 0.537 0.547 0.549 0.489 0.527 0.572 0.545 0.462 0.545 0.547 0.548 0.551 0.509 0.534 0.588 0.522 0.480 1.527 0.575 0.550 0.526 0.584 0.596 0.471
-0.771 0.566 0.647 0.531 0.575 0.546 0.581 0.583 0.584 0.543 0.560 0.593 0.583 0.514 0.569 0.580 0.594 0.578 0.553 0.568 0.618 0.551 0.526 0.575 1.598 0.545 0.523 0.584 0.597 0.459
-0.728 0.535 0.624 0.513 0.537 0.511 0.542 0.552 0.553 0.498 0.531 0.574 0.551 0.470 0.549 0.551 0.556 0.554 0.516 0.536 0.592 0.524 0.488 0.550 0.545 1.535 0.516 0.573 0.583 0.465
-0.703 0.516 0.593 0.486 0.525 0.499 0.529 0.532 0.533 0.495 0.511 0.542 0.531 0.468 0.520 0.529 0.541 0.525 0.504 0.517 0.563 0.503 0.477 0.526 0.523 0.516 1.498 0.585 0.597 0.440
-0.779 0.574 0.658 0.540 0.579 0.551 0.583 0.589 0.591 0.544 0.567 0.604 0.589 0.515 0.580 0.588 0.598 0.586 0.556 0.574 0.628 0.558 0.528 0.584 0.584 0.573 0.585 1.613 0.612 0.407
-0.796 0.587 0.670 0.552 0.592 0.563 0.597 0.602 0.604 0.557 0.579 0.617 0.602 0.527 0.592 0.600 0.612 0.600 0.569 0.586 0.642 0.570 0.541 0.596 0.597 0.583 0.597 0.612 1.640 0.582
-0.611 0.422 0.597 0.468 0.446 0.402 0.462 0.470 0.472 0.395 0.453 0.505 0.465 0.354 0.471 0.472 0.447 0.490 0.424 0.464 0.511 0.457 0.405 0.471 0.459 0.465 0.440 0.407 0.582 1.411
