1.000 -0.010 -0.012 -0.005 -0.011 -0.005 -0.010 -0.006 -0.005 -0.006 -0.010 -0.005 -0.006 -0.009 -0.019 -0.023 -0.015 -0.006 -0.008 -0.005 -0.011 -0.006 -0.009 -0.006 -0.005 -0.010 -0.005 -0.006 -0.007 -0.005
-0.010 1.000 -0.112 -0.033 -0.143 -0.089 -0.052 -0.055 -0.070 -0.102 -0.076 -0.082 -0.029 -0.078 -0.192 -0.027 -0.169 -0.044 -0.072 -0.035 -0.068 -0.105 -0.062 -0.010 -0.070 -0.228 -0.110 -0.051 -0.094 -0.072
-0.012 -0.112 1.013 0.001 -0.001 0.005 -0.006 0.002 0.005 0.006 -0.005 0.005 0.000 -0.002 0.003 -0.012 0.001 0.000 -0.001 0.001 -0.006 0.004 -0.003 -0.002 0.004 0.011 0.008 0.002 0.002 0.004
-0.005 -0.033 0.001 1.001 0.084 0.072 0.080 0.070 0.069 0.072 0.079 0.070 0.065 0.076 0.099 0.102 0.096 0.070 0.073 0.068 0.081 0.074 0.076 0.067 0.070 0.090 0.073 0.068 0.076 0.068
-0.011 -0.143 -0.001 0.084 1.027 0.039 0.035 0.034 0.036 0.041 0.038 0.037 0.028 0.038 0.056 0.030 0.054 0.032 0.036 0.030 0.037 0.042 0.035 0.026 0.036 0.064 0.043 0.032 0.041 0.035
-0.005 -0.089 0.005 0.072 0.039 1.013 0.071 0.076 0.079 0.080 0.072 0.079 0.074 0.075 0.071 0.051 0.073 0.075 0.075 0.075 0.071 0.079 0.072 0.073 0.078 0.086 0.082 0.076 0.078 0.078
-0.010 -0.052 -0.006 0.080 0.035 0.071 1.013 0.035 0.037 0.037 0.027 0.037 0.034 0.030 0.024 0.013 0.026 0.034 0.031 0.035 0.026 0.035 0.029 0.033 0.036 0.036 0.038 0.034 0.034 0.036
-0.006 -0.055 0.002 0.070 0.034 0.076 0.035 1.013 0.049 0.050 0.043 0.049 0.046 0.045 0.043 0.034 0.044 0.047 0.046 0.047 0.042 0.049 0.044 0.045 0.049 0.051 0.051 0.047 0.048 0.049
-0.005 -0.070 0.005 0.069 0.036 0.079 0.037 0.049 1.016 0.057 0.052 0.056 0.052 0.053 0.059 0.049 0.058 0.053 0.053 0.053 0.051 0.056 0.052 0.051 0.055 0.063 0.058 0.053 0.055 0.055
-0.006 -0.102 0.006 0.072 0.041 0.080 0.037 0.050 0.057 1.023 0.008 0.007 0.001 0.008 0.023 0.008 0.020 0.004 0.007 0.002 0.008 0.010 0.006 -0.000 0.006 0.025 0.010 0.004 0.009 0.006
-0.010 -0.076 -0.005 0.079 0.038 0.072 0.027 0.043 0.052 0.008 1.018 0.079 0.074 0.082 0.098 0.084 0.096 0.076 0.080 0.074 0.083 0.083 0.081 0.072 0.078 0.098 0.082 0.076 0.082 0.078
-0.005 -0.082 0.005 0.070 0.037 0.079 0.037 0.049 0.056 0.007 0.079 1.023 -0.027 -0.030 -0.046 -0.063 -0.040 -0.027 -0.029 -0.026 -0.036 -0.025 -0.032 -0.029 -0.024 -0.024 -0.022 -0.026 -0.026 -0.024
-0.006 -0.029 0.000 0.065 0.028 0.074 0.034 0.046 0.052 0.001 0.074 -0.027 1.019 0.039 0.020 0.004 0.029 0.040 0.039 0.040 0.035 0.042 0.037 0.038 0.042 0.043 0.043 0.040 0.041 0.041
-0.009 -0.078 -0.002 0.076 0.038 0.075 0.030 0.045 0.053 0.008 0.082 -0.030 0.039 1.026 0.128 0.119 0.126 0.117 0.118 0.116 0.117 0.122 0.117 0.114 0.120 0.132 0.123 0.117 0.120 0.120
-0.019 -0.192 0.003 0.099 0.056 0.071 0.024 0.043 0.059 0.023 0.098 -0.046 0.020 0.128 1.070 0.000 0.032 0.043 0.038 0.046 0.024 0.051 0.032 0.039 0.053 0.061 0.060 0.047 0.046 0.053
-0.023 -0.027 -0.012 0.102 0.030 0.051 0.013 0.034 0.049 0.008 0.084 -0.063 0.004 0.119 0.000 1.038 0.098 0.024 0.034 0.021 0.063 0.027 0.049 0.024 0.020 0.056 0.022 0.020 0.033 0.018
-0.015 -0.169 0.001 0.096 0.054 0.073 0.026 0.044 0.058 0.020 0.096 -0.040 0.029 0.126 0.032 0.098 1.065 -0.013 -0.009 -0.014 -0.001 -0.005 -0.006 -0.015 -0.009 0.019 -0.002 -0.015 -0.003 -0.013
-0.006 -0.044 0.000 0.070 0.032 0.075 0.034 0.047 0.053 0.004 0.076 -0.027 0.040 0.117 0.043 0.024 -0.013 1.032 0.014 0.016 0.013 0.016 0.014 0.016 0.017 0.015 0.017 0.015 0.016 0.016
-0.008 -0.072 -0.001 0.073 0.036 0.075 0.031 0.046 0.053 0.007 0.080 -0.029 0.039 0.118 0.038 0.034 -0.009 0.014 1.036 0.016 0.022 0.023 0.020 0.014 0.019 0.035 0.022 0.017 0.022 0.019
-0.005 -0.035 0.001 0.068 0.030 0.075 0.035 0.047 0.053 0.002 0.074 -0.026 0.040 0.116 0.046 0.021 -0.014 0.016 0.016 1.032 0.088 0.099 0.091 0.095 0.099 0.099 0.101 0.098 0.097 0.099
-0.011 -0.068 -0.006 0.081 0.037 0.071 0.026 0.042 0.051 0.008 0.083 -0.036 0.035 0.117 0.024 0.063 -0.001 0.013 0.022 0.088 1.040 0.139 0.138 0.134 0.137 0.149 0.140 0.136 0.139 0.137
-0.006 -0.105 0.004 0.074 0.042 0.079 0.035 0.049 0.056 0.010 0.083 -0.025 0.042 0.122 0.051 0.027 -0.005 0.016 0.023 0.099 0.139 1.056 0.038 0.034 0.041 0.057 0.045 0.038 0.043 0.041
-0.009 -0.062 -0.003 0.076 0.035 0.072 0.029 0.044 0.052 0.006 0.081 -0.032 0.037 0.117 0.032 0.049 -0.006 0.014 0.020 0.091 0.138 0.038 1.049 0.035 0.039 0.054 0.042 0.038 0.043 0.039
-0.006 -0.010 -0.002 0.067 0.026 0.073 0.033 0.045 0.051 -0.000 0.072 -0.029 0.038 0.114 0.039 0.024 -0.015 0.016 0.014 0.095 0.134 0.034 0.035 1.045 -0.049 -0.027 -0.047 -0.048 -0.041 -0.049
-0.005 -0.070 0.004 0.070 0.036 0.078 0.036 0.049 0.055 0.006 0.078 -0.024 0.042 0.120 0.053 0.020 -0.009 0.017 0.019 0.099 0.137 0.041 0.039 -0.049 1.060 0.041 0.046 0.041 0.040 0.043
-0.010 -0.228 0.011 0.090 0.064 0.086 0.036 0.051 0.063 0.025 0.098 -0.024 0.043 0.132 0.061 0.056 0.019 0.015 0.035 0.099 0.149 0.057 0.054 -0.027 0.041 1.106 0.167 0.148 0.166 0.154
-0.005 -0.110 0.008 0.073 0.043 0.082 0.038 0.051 0.058 0.010 0.082 -0.022 0.043 0.123 0.060 0.022 -0.002 0.017 0.022 0.101 0.140 0.045 0.042 -0.047 0.046 0.167 1.075 0.125 0.124 0.129
-0.006 -0.051 0.002 0.068 0.032 0.076 0.034 0.047 0.053 0.004 0.076 -0.026 0.040 0.117 0.047 0.020 -0.015 0.015 0.017 0.098 0.136 0.038 0.038 -0.048 0.041 0.148 0.125 1.067 0.208 0.226
-0.007 -0.094 0.002 0.076 0.041 0.078 0.034 0.048 0.055 0.009 0.082 -0.026 0.041 0.120 0.046 0.033 -0.003 0.016 0.022 0.097 0.139 0.043 0.043 -0.041 0.040 0.166 0.124 0.208 1.092 -0.092
-0.005 -0.072 0.004 0.068 0.035 0.078 0.036 0.049 0.055 0.006 0.078 -0.024 0.041 0.120 0.053 0.018 -0.013 0.016 0.019 0.099 0.137 0.041 0.039 -0.049 0.043 0.154 0.129 0.226 -0.092 1.129
