1.000 -0.015 -0.033 -0.009 -0.012 -0.035 -0.036 -0.010 -0.009 -0.052 -0.034 -0.047 -0.047 -0.015 -0.013 -0.049 -0.014 -0.035 -0.058 -0.013 -0.012 -0.033 -0.008 -0.031 -0.014 -0.036 -0.012 -0.010 -0.024 -0.033
-0.015 1.000 -0.231 -0.346 -0.383 -0.308 -0.303 -0.378 -0.355 -0.479 -0.342 -0.353 -0.221 -0.347 -0.403 -0.304 -0.279 -0.316 -0.585 -0.386 -0.365 -0.358 -0.391 -0.415 -0.422 -0.306 -0.397 -0.371 -0.439 -0.366
-0.033 -0.231 1.055 0.066 0.075 0.061 0.060 0.073 0.068 0.102 0.068 0.073 0.045 0.067 0.079 0.062 0.052 0.063 0.127 0.075 0.071 0.072 0.076 0.084 0.083 0.061 0.078 0.072 0.089 0.074
-0.009 -0.346 0.066 1.120 0.128 0.098 0.096 0.127 0.119 0.152 0.110 0.111 0.062 0.115 0.135 0.093 0.092 0.101 0.185 0.129 0.122 0.116 0.132 0.136 0.141 0.097 0.133 0.124 0.146 0.118
-0.012 -0.383 0.075 0.128 1.147 0.111 0.109 0.137 0.129 0.177 0.124 0.129 0.079 0.126 0.147 0.110 0.099 0.114 0.217 0.140 0.132 0.130 0.142 0.152 0.154 0.111 0.145 0.135 0.161 0.133
-0.035 -0.308 0.061 0.098 0.111 1.096 0.100 0.123 0.116 0.150 0.111 0.113 0.071 0.113 0.130 0.098 0.093 0.104 0.179 0.125 0.119 0.116 0.127 0.133 0.136 0.100 0.128 0.121 0.141 0.118
-0.036 -0.303 0.060 0.096 0.109 0.100 1.094 0.087 0.080 0.143 0.087 0.099 0.073 0.080 0.095 0.089 0.059 0.080 0.186 0.090 0.084 0.092 0.090 0.106 0.101 0.079 0.093 0.085 0.110 0.095
-0.010 -0.378 0.073 0.127 0.137 0.123 0.087 1.144 0.128 0.174 0.123 0.127 0.076 0.125 0.146 0.108 0.099 0.113 0.213 0.139 0.132 0.129 0.141 0.151 0.153 0.110 0.144 0.134 0.159 0.132
-0.009 -0.355 0.068 0.119 0.129 0.116 0.080 0.128 1.128 0.177 0.121 0.128 0.088 0.119 0.140 0.114 0.094 0.112 0.221 0.133 0.126 0.126 0.135 0.146 0.147 0.109 0.137 0.128 0.154 0.129
-0.052 -0.479 0.102 0.152 0.177 0.150 0.143 0.174 0.177 1.234 0.207 0.215 0.151 0.205 0.231 0.192 0.172 0.196 0.323 0.222 0.212 0.214 0.223 0.241 0.240 0.191 0.227 0.215 0.250 0.218
-0.034 -0.342 0.068 0.110 0.124 0.111 0.087 0.123 0.121 0.207 1.121 0.128 0.072 0.141 0.161 0.108 0.118 0.123 0.189 0.155 0.148 0.137 0.159 0.159 0.167 0.118 0.159 0.151 0.170 0.139
-0.047 -0.353 0.073 0.111 0.129 0.113 0.099 0.127 0.128 0.215 0.128 1.130 0.084 0.114 0.133 0.108 0.090 0.105 0.213 0.127 0.120 0.120 0.129 0.139 0.140 0.103 0.131 0.122 0.146 0.123
-0.047 -0.221 0.045 0.062 0.079 0.071 0.073 0.076 0.088 0.151 0.072 0.084 1.054 0.102 0.113 0.135 0.089 0.106 0.248 0.109 0.105 0.117 0.109 0.124 0.117 0.108 0.111 0.106 0.124 0.122
-0.015 -0.347 0.067 0.115 0.126 0.113 0.080 0.125 0.119 0.205 0.141 0.114 0.102 1.125 0.123 0.072 0.081 0.087 0.160 0.117 0.110 0.102 0.120 0.123 0.128 0.082 0.121 0.113 0.132 0.105
-0.013 -0.403 0.079 0.135 0.147 0.130 0.095 0.146 0.140 0.231 0.161 0.133 0.113 0.123 1.167 0.121 0.113 0.128 0.233 0.155 0.147 0.145 0.156 0.168 0.169 0.124 0.159 0.149 0.177 0.149
-0.049 -0.304 0.062 0.093 0.110 0.098 0.089 0.108 0.114 0.192 0.108 0.108 0.135 0.072 0.121 1.103 0.114 0.118 0.183 0.143 0.138 0.131 0.146 0.148 0.153 0.114 0.147 0.140 0.155 0.133
-0.014 -0.279 0.052 0.092 0.099 0.093 0.059 0.099 0.094 0.172 0.118 0.090 0.089 0.081 0.113 0.114 1.083 0.090 0.159 0.108 0.103 0.101 0.109 0.117 0.117 0.087 0.111 0.104 0.122 0.104
-0.035 -0.316 0.063 0.101 0.114 0.104 0.080 0.113 0.112 0.196 0.123 0.105 0.106 0.087 0.128 0.118 0.090 1.106 0.135 0.112 0.107 0.094 0.116 0.115 0.123 0.075 0.116 0.109 0.125 0.096
-0.058 -0.585 0.127 0.185 0.217 0.179 0.186 0.213 0.221 0.323 0.189 0.213 0.248 0.160 0.233 0.183 0.159 0.135 1.368 0.227 0.216 0.215 0.230 0.244 0.248 0.190 0.233 0.219 0.258 0.217
-0.013 -0.386 0.075 0.129 0.140 0.125 0.090 0.139 0.133 0.222 0.155 0.127 0.109 0.117 0.155 0.143 0.108 0.112 0.227 1.154 0.145 0.142 0.155 0.161 0.166 0.125 0.157 0.148 0.171 0.143
-0.012 -0.365 0.071 0.122 0.132 0.119 0.084 0.132 0.126 0.212 0.148 0.120 0.105 0.110 0.147 0.138 0.103 0.107 0.216 0.145 1.138 0.133 0.146 0.152 0.157 0.117 0.148 0.139 0.162 0.134
-0.033 -0.358 0.072 0.116 0.130 0.116 0.092 0.129 0.126 0.214 0.137 0.120 0.117 0.102 0.145 0.131 0.101 0.094 0.215 0.142 0.133 1.135 0.091 0.104 0.103 0.073 0.094 0.085 0.111 0.089
-0.008 -0.391 0.076 0.132 0.142 0.127 0.090 0.141 0.135 0.223 0.159 0.129 0.109 0.120 0.156 0.146 0.109 0.116 0.230 0.155 0.146 0.091 1.161 0.215 0.211 0.185 0.201 0.192 0.221 0.201
-0.031 -0.415 0.084 0.136 0.152 0.133 0.106 0.151 0.146 0.241 0.159 0.139 0.124 0.123 0.168 0.148 0.117 0.115 0.244 0.161 0.152 0.104 0.215 1.183 0.126 0.093 0.116 0.106 0.134 0.112
-0.014 -0.422 0.083 0.141 0.154 0.136 0.101 0.153 0.147 0.240 0.167 0.140 0.117 0.128 0.169 0.153 0.117 0.123 0.248 0.166 0.157 0.103 0.211 0.126 1.191 0.235 0.249 0.239 0.272 0.253
-0.036 -0.306 0.061 0.097 0.111 0.100 0.079 0.110 0.109 0.191 0.118 0.103 0.108 0.082 0.124 0.114 0.087 0.075 0.190 0.125 0.117 0.073 0.185 0.093 0.235 1.117 0.113 0.109 0.112 0.089
-0.012 -0.397 0.078 0.133 0.145 0.128 0.093 0.144 0.137 0.227 0.159 0.131 0.111 0.121 0.159 0.147 0.111 0.116 0.233 0.157 0.148 0.094 0.201 0.116 0.249 0.113 1.176 0.132 0.153 0.129
-0.010 -0.371 0.072 0.124 0.135 0.121 0.085 0.134 0.128 0.215 0.151 0.122 0.106 0.113 0.149 0.140 0.104 0.109 0.219 0.148 0.139 0.085 0.192 0.106 0.239 0.109 0.132 1.157 0.126 0.103
-0.024 -0.439 0.089 0.146 0.161 0.141 0.110 0.159 0.154 0.250 0.170 0.146 0.124 0.132 0.177 0.155 0.122 0.125 0.258 0.171 0.162 0.111 0.221 0.134 0.272 0.112 0.153 0.126 1.218 0.324
-0.033 -0.366 0.074 0.118 0.133 0.118 0.095 0.132 0.129 0.218 0.139 0.123 0.122 0.105 0.149 0.133 0.104 0.096 0.217 0.143 0.134 0.089 0.201 0.112 0.253 0.089 0.129 0.103 0.324 1.181
