1.000 -0.011 -0.014 -0.010 -0.010 -0.021 -0.016 -0.018 -0.010 -0.011 -0.011 -0.011 -0.011 -0.013 -0.011 -0.011 -0.010 -0.016 -0.013 -0.012
-0.011 1.000 -0.000 -0.000 -0.000 -0.001 -0.000 -0.000 -0.000 -0.000 -0.000 -0.000 -0.000 -0.000 -0.000 -0.000 -0.000 -0.000 -0.000 -0.000
-0.014 -0.000 1.000 0.004 0.004 0.003 0.004 0.004 0.004 0.004 0.004 0.004 0.004 0.004 0.004 0.004 0.004 0.004 0.004 0.004
-0.010 -0.000 0.004 1.000 0.005 0.042 0.025 0.033 0.005 0.006 0.006 0.005 0.006 0.013 0.006 0.006 0.005 0.025 0.013 0.010
-0.010 -0.000 0.004 0.005 1.000 -0.044 -0.027 -0.035 -0.008 -0.009 -0.009 -0.009 -0.009 -0.016 -0.009 -0.009 -0.009 -0.027 -0.016 -0.013
-0.021 -0.001 0.003 0.042 -0.044 1.004 0.017 0.022 0.006 0.006 0.006 0.006 0.006 0.010 0.006 0.006 0.006 0.017 0.010 0.009
-0.016 -0.000 0.004 0.025 -0.027 0.017 1.002 0.002 0.005 0.005 0.005 0.005 0.005 0.004 0.005 0.005 0.005 0.003 0.004 0.004
-0.018 -0.000 0.004 0.033 -0.035 0.022 0.002 1.003 -0.006 -0.006 -0.006 -0.006 -0.006 -0.006 -0.006 -0.006 -0.006 -0.006 -0.006 -0.006
-0.010 -0.000 0.004 0.005 -0.008 0.006 0.005 -0.006 1.000 -0.004 -0.004 -0.004 -0.004 -0.004 -0.004 -0.004 -0.004 -0.004 -0.004 -0.004
-0.011 -0.000 0.004 0.006 -0.009 0.006 0.005 -0.006 -0.004 1.000 0.001 0.001 0.001 0.007 0.002 0.002 0.001 0.016 0.007 0.005
-0.011 -0.000 0.004 0.006 -0.009 0.006 0.005 -0.006 -0.004 0.001 1.000 -0.000 -0.000 0.000 -0.000 -0.000 -0.000 0.001 0.000 0.000
-0.011 -0.000 0.004 0.005 -0.009 0.006 0.005 -0.006 -0.004 0.001 -0.000 1.000 0.000 0.000 0.000 0.000 0.000 0.000 0.000 0.000
-0.011 -0.000 0.004 0.006 -0.009 0.006 0.005 -0.006 -0.004 0.001 -0.000 0.000 1.000 0.000 0.000 0.000 -0.000 0.001 0.000 0.000
-0.013 -0.000 0.004 0.013 -0.016 0.010 0.004 -0.006 -0.004 0.007 0.000 0.000 0.000 1.001 -0.005 -0.005 -0.006 0.000 -0.003 -0.004
-0.011 -0.000 0.004 0.006 -0.009 0.006 0.005 -0.006 -0.004 0.002 -0.000 0.000 0.000 -0.005 1.000 -0.017 -0.016 -0.034 -0.024 -0.021
-0.011 -0.000 0.004 0.006 -0.009 0.006 0.005 -0.006 -0.004 0.002 -0.000 0.000 0.000 -0.005 -0.017 1.001 -0.001 0.000 -0.001 -0.001
-0.010 -0.000 0.004 0.005 -0.009 0.006 0.005 -0.006 -0.004 0.001 -0.000 0.000 -0.000 -0.006 -0.016 -0.001 1.001 0.015 0.020 0.021
-0.016 -0.000 0.004 0.025 -0.027 0.017 0.003 -0.006 -0.004 0.016 0.001 0.000 0.001 0.000 -0.034 0.000 0.015 1.004 0.007 0.006
-0.013 -0.000 0.004 0.013 -0.016 0.010 0.004 -0.006 -0.004 0.007 0.000 0.000 0.000 -0.003 -0.024 -0.001 0.020 0.007 1.002 0.020
-0.012 -0.000 0.004 0.010 -0.013 0.009 0.004 -0.006 -0.004 0.005 0.000 0.000 0.000 -0.004 -0.021 -0.001 0.021 0.006 0.020 1.002
